1`(1, 0.5, 58.77, 77.86, 142.0, 0, 0, [], [], 0, 0, 0, [], 1, 0)++
1`(2, 0.5, 58.91, 78.63, 142.0, 0, 0, [], [], 0, 0, 0, [], 1, 0)++
1`(3, 0.5, 92.27, 2.33, 142.0, 0, 0, [], [], 0, 0, 0, [], 1, 0)++
1`(4, 0.5, 19.64, 24.69, 142.0, 0, 0, [], [], 0, 0, 0, [], 1, 0)++
1`(5, 0.5, 76.96, 3.61, 142.0, 0, 0, [], [], 0, 0, 0, [], 1, 0)++
1`(6, 0.5, 1.1, 24.93, 142.0, 0, 0, [], [], 0, 0, 0, [], 1, 0)++
1`(7, 0.5, 68.55, 94.66, 142.0, 0, 0, [], [], 0, 0, 0, [], 1, 0)++
1`(8, 0.5, 9.09, 60.86, 142.0, 0, 0, [], [], 0, 0, 0, [], 1, 0)++
1`(9, 0.5, 90.24, 67.65, 142.0, 0, 0, [], [], 0, 0, 0, [], 1, 0)++
1`(10, 0.5, 5.1, 80.48, 142.0, 0, 0, [], [], 0, 0, 0, [], 1, 0)++
1`(11, 0.5, 67.62, 59.77, 142.0, 0, 0, [], [], 0, 0, 0, [], 1, 0)++
1`(12, 0.5, 86.96, 39.47, 142.0, 0, 0, [], [], 0, 0, 0, [], 1, 0)++
1`(13, 0.5, 55.74, 63.29, 142.0, 0, 0, [], [], 0, 0, 0, [], 1, 0)++
1`(14, 0.5, 16.49, 8.53, 142.0, 0, 0, [], [], 0, 0, 0, [], 1, 0)++
1`(15, 0.5, 50.88, 82.35, 142.0, 0, 0, [], [], 0, 0, 0, [], 1, 0)++
1`(16, 0.5, 66.07, 68.23, 142.0, 0, 0, [], [], 0, 0, 0, [], 1, 0)++
1`(17, 0.5, 28.42, 17.13, 142.0, 0, 0, [], [], 0, 0, 0, [], 1, 0)++
1`(18, 0.5, 45.41, 68.09, 142.0, 0, 0, [], [], 0, 0, 0, [], 1, 0)++
1`(19, 0.5, 69.31, 27.74, 142.0, 0, 0, [], [], 0, 0, 0, [], 1, 0)++
1`(20, 0.5, 93.19, 18.56, 142.0, 0, 0, [], [], 0, 0, 0, [], 1, 0)++
1`(21, 0.5, 37.16, 35.49, 142.0, 0, 0, [], [], 0, 0, 0, [], 1, 0)++
1`(22, 0.5, 7.57, 20.37, 142.0, 0, 0, [], [], 0, 0, 0, [], 1, 0)++
1`(23, 0.5, 76.51, 95.63, 142.0, 0, 0, [], [], 0, 0, 0, [], 1, 0)++
1`(24, 0.5, 30.3, 23.33, 142.0, 0, 0, [], [], 0, 0, 0, [], 1, 0)++
1`(25, 0.5, 94.53, 4.75, 142.0, 0, 0, [], [], 0, 0, 0, [], 1, 0)++
1`(26, 0.5, 21.32, 53.49, 142.0, 0, 0, [], [], 0, 0, 0, [], 1, 0)++
1`(27, 0.5, 18.22, 69.69, 142.0, 0, 0, [], [], 0, 0, 0, [], 1, 0)++
1`(28, 0.5, 27.19, 13.87, 142.0, 0, 0, [], [], 0, 0, 0, [], 1, 0)++
1`(29, 0.5, 24.61, 43.82, 142.0, 0, 0, [], [], 0, 0, 0, [], 1, 0)++
1`(30, 0.5, 20.47, 91.2, 142.0, 0, 0, [], [], 0, 0, 0, [], 1, 0)++
1`(31, 0.5, 93.79, 40.89, 142.0, 0, 0, [], [], 0, 0, 0, [], 1, 0)++
1`(32, 0.5, 23.11, 85.33, 142.0, 0, 0, [], [], 0, 0, 0, [], 1, 0)++
1`(33, 0.5, 81.75, 11.24, 142.0, 0, 0, [], [], 0, 0, 0, [], 1, 0)++
1`(34, 0.5, 0.26, 13.2, 142.0, 0, 0, [], [], 0, 0, 0, [], 1, 0)++
1`(35, 0.5, 90.86, 50.47, 142.0, 0, 0, [], [], 0, 0, 0, [], 1, 0)++
1`(36, 0.5, 66.71, 30.22, 142.0, 0, 0, [], [], 0, 0, 0, [], 1, 0)++
1`(37, 0.5, 46.62, 93.98, 142.0, 0, 0, [], [], 0, 0, 0, [], 1, 0)++
1`(38, 0.5, 23.7, 20.61, 142.0, 0, 0, [], [], 0, 0, 0, [], 1, 0)++
1`(39, 0.5, 83.75, 71.42, 142.0, 0, 0, [], [], 0, 0, 0, [], 1, 0)++
1`(40, 0.5, 28.21, 48.47, 142.0, 0, 0, [], [], 0, 0, 0, [], 1, 0)++
1`(41, 0.5, 79.07, 35.97, 142.0, 0, 0, [], [], 0, 0, 0, [], 1, 0)++
1`(42, 0.5, 62.63, 80.67, 142.0, 0, 0, [], [], 0, 0, 0, [], 1, 0)++
1`(43, 0.5, 63.19, 86.91, 142.0, 0, 0, [], [], 0, 0, 0, [], 1, 0)++
1`(44, 0.5, 27.27, 42.34, 142.0, 0, 0, [], [], 0, 0, 0, [], 1, 0)++
1`(45, 0.5, 75.49, 16.27, 142.0, 0, 0, [], [], 0, 0, 0, [], 1, 0)++
1`(46, 0.5, 57.11, 33.1, 142.0, 0, 0, [], [], 0, 0, 0, [], 1, 0)++
1`(47, 0.5, 95.3, 17.06, 142.0, 0, 0, [], [], 0, 0, 0, [], 1, 0)++
1`(48, 0.5, 26.61, 19.99, 142.0, 0, 0, [], [], 0, 0, 0, [], 1, 0)++
1`(49, 0.5, 39.83, 70.32, 142.0, 0, 0, [], [], 0, 0, 0, [], 1, 0)++
1`(50, 0.5, 80.3, 21.63, 142.0, 0, 0, [], [], 0, 0, 0, [], 1, 0)++
1`(51, 0.5, 55.07, 94.81, 142.0, 0, 0, [], [], 0, 0, 0, [], 1, 0)++
1`(52, 0.5, 43.0, 69.44, 142.0, 0, 0, [], [], 0, 0, 0, [], 1, 0)++
1`(53, 0.5, 12.5, 64.62, 142.0, 0, 0, [], [], 0, 0, 0, [], 1, 0)++
1`(54, 0.5, 21.61, 28.42, 142.0, 0, 0, [], [], 0, 0, 0, [], 1, 0)++
1`(55, 0.5, 64.43, 52.8, 142.0, 0, 0, [], [], 0, 0, 0, [], 1, 0)++
1`(56, 0.5, 54.97, 61.73, 142.0, 0, 0, [], [], 0, 0, 0, [], 1, 0)++
1`(57, 0.5, 1.81, 32.15, 142.0, 0, 0, [], [], 0, 0, 0, [], 1, 0)++
1`(58, 0.5, 99.79, 18.3, 142.0, 0, 0, [], [], 0, 0, 0, [], 1, 0)++
1`(59, 0.5, 22.35, 2.23, 142.0, 0, 0, [], [], 0, 0, 0, [], 1, 0)++
1`(60, 0.5, 68.49, 47.58, 142.0, 0, 0, [], [], 0, 0, 0, [], 1, 0)++
1`(61, 0.5, 25.66, 12.35, 142.0, 0, 0, [], [], 0, 0, 0, [], 1, 0)++
1`(62, 0.5, 85.07, 89.74, 142.0, 0, 0, [], [], 0, 0, 0, [], 1, 0)++
1`(63, 0.5, 86.47, 68.08, 142.0, 0, 0, [], [], 0, 0, 0, [], 1, 0)++
1`(64, 0.5, 94.0, 6.51, 142.0, 0, 0, [], [], 0, 0, 0, [], 1, 0)++
1`(65, 0.5, 43.76, 53.72, 142.0, 0, 0, [], [], 0, 0, 0, [], 1, 0)++
1`(66, 0.5, 69.39, 53.37, 142.0, 0, 0, [], [], 0, 0, 0, [], 1, 0)++
1`(67, 0.5, 57.17, 16.34, 142.0, 0, 0, [], [], 0, 0, 0, [], 1, 0)++
1`(68, 0.5, 68.35, 36.01, 142.0, 0, 0, [], [], 0, 0, 0, [], 1, 0)++
1`(69, 0.5, 78.83, 46.7, 142.0, 0, 0, [], [], 0, 0, 0, [], 1, 0)++
1`(70, 0.5, 3.19, 5.77, 142.0, 0, 0, [], [], 0, 0, 0, [], 1, 0)++
1`(71, 0.5, 55.37, 22.18, 142.0, 0, 0, [], [], 0, 0, 0, [], 1, 0)++
1`(72, 0.5, 86.09, 22.74, 142.0, 0, 0, [], [], 0, 0, 0, [], 1, 0)++
1`(73, 0.5, 34.92, 24.64, 142.0, 0, 0, [], [], 0, 0, 0, [], 1, 0)++
1`(74, 0.5, 34.03, 53.02, 142.0, 0, 0, [], [], 0, 0, 0, [], 1, 0)++
1`(75, 0.5, 84.85, 83.71, 142.0, 0, 0, [], [], 0, 0, 0, [], 1, 0)++
1`(76, 0.5, 67.31, 4.92, 142.0, 0, 0, [], [], 0, 0, 0, [], 1, 0)++
1`(77, 0.5, 62.36, 63.71, 142.0, 0, 0, [], [], 0, 0, 0, [], 1, 0)++
1`(78, 0.5, 56.42, 90.41, 142.0, 0, 0, [], [], 0, 0, 0, [], 1, 0)++
1`(79, 0.5, 91.71, 45.17, 142.0, 0, 0, [], [], 0, 0, 0, [], 1, 0)++
1`(80, 0.5, 53.01, 31.33, 142.0, 0, 0, [], [], 0, 0, 0, [], 1, 0)++
1`(81, 0.5, 35.59, 57.71, 142.0, 0, 0, [], [], 0, 0, 0, [], 1, 0)++
1`(82, 0.5, 54.77, 36.11, 142.0, 0, 0, [], [], 0, 0, 0, [], 1, 0)++
1`(83, 0.5, 22.2, 98.34, 142.0, 0, 0, [], [], 0, 0, 0, [], 1, 0)++
1`(84, 0.5, 1.77, 56.95, 142.0, 0, 0, [], [], 0, 0, 0, [], 1, 0)++
1`(85, 0.5, 9.23, 44.42, 142.0, 0, 0, [], [], 0, 0, 0, [], 1, 0)++
1`(86, 0.5, 33.43, 69.89, 142.0, 0, 0, [], [], 0, 0, 0, [], 1, 0)++
1`(87, 0.5, 31.56, 98.17, 142.0, 0, 0, [], [], 0, 0, 0, [], 1, 0)++
1`(88, 0.5, 49.07, 31.87, 142.0, 0, 0, [], [], 0, 0, 0, [], 1, 0)++
1`(89, 0.5, 8.2, 68.62, 142.0, 0, 0, [], [], 0, 0, 0, [], 1, 0)++
1`(90, 0.5, 87.9, 16.89, 142.0, 0, 0, [], [], 0, 0, 0, [], 1, 0)++
1`(91, 0.5, 56.65, 39.97, 142.0, 0, 0, [], [], 0, 0, 0, [], 1, 0)++
1`(92, 0.5, 18.16, 56.29, 142.0, 0, 0, [], [], 0, 0, 0, [], 1, 0)++
1`(93, 0.5, 67.14, 95.69, 142.0, 0, 0, [], [], 0, 0, 0, [], 1, 0)++
1`(94, 0.5, 3.88, 30.5, 142.0, 0, 0, [], [], 0, 0, 0, [], 1, 0)++
1`(95, 0.5, 18.13, 18.95, 142.0, 0, 0, [], [], 0, 0, 0, [], 1, 0)++
1`(96, 0.5, 40.36, 55.13, 142.0, 0, 0, [], [], 0, 0, 0, [], 1, 0)++
1`(97, 0.5, 55.8, 4.41, 142.0, 0, 0, [], [], 0, 0, 0, [], 1, 0)++
1`(98, 0.5, 25.77, 79.75, 142.0, 0, 0, [], [], 0, 0, 0, [], 1, 0)++
1`(99, 0.5, 4.19, 75.1, 142.0, 0, 0, [], [], 0, 0, 0, [], 1, 0)++
1`(100, 0.5, 92.2, 15.85, 142.0, 0, 0, [], [], 0, 0, 0, [], 1, 0)++
1`(101, 0.5, 24.14, 62.07, 142.0, 0, 0, [], [], 0, 0, 0, [], 1, 0)++
1`(102, 0.5, 64.99, 54.71, 142.0, 0, 0, [], [], 0, 0, 0, [], 1, 0)++
1`(103, 0.5, 77.88, 11.12, 142.0, 0, 0, [], [], 0, 0, 0, [], 1, 0)++
1`(104, 0.5, 18.24, 1.97, 142.0, 0, 0, [], [], 0, 0, 0, [], 1, 0)++
1`(105, 0.5, 77.42, 53.24, 142.0, 0, 0, [], [], 0, 0, 0, [], 1, 0)++
1`(106, 0.5, 49.63, 46.95, 142.0, 0, 0, [], [], 0, 0, 0, [], 1, 0)++
1`(107, 0.5, 79.17, 68.15, 142.0, 0, 0, [], [], 0, 0, 0, [], 1, 0)++
1`(108, 0.5, 38.05, 27.63, 142.0, 0, 0, [], [], 0, 0, 0, [], 1, 0)++
1`(109, 0.5, 12.77, 93.66, 142.0, 0, 0, [], [], 0, 0, 0, [], 1, 0)++
1`(110, 0.5, 96.44, 10.13, 142.0, 0, 0, [], [], 0, 0, 0, [], 1, 0)++
1`(111, 0.5, 80.86, 63.63, 142.0, 0, 0, [], [], 0, 0, 0, [], 1, 0)++
1`(112, 0.5, 92.67, 73.18, 142.0, 0, 0, [], [], 0, 0, 0, [], 1, 0)++
1`(113, 0.5, 31.33, 57.3, 142.0, 0, 0, [], [], 0, 0, 0, [], 1, 0)++
1`(114, 0.5, 58.4, 75.96, 142.0, 0, 0, [], [], 0, 0, 0, [], 1, 0)++
1`(115, 0.5, 33.02, 12.15, 142.0, 0, 0, [], [], 0, 0, 0, [], 1, 0)++
1`(116, 0.5, 6.9, 72.41, 142.0, 0, 0, [], [], 0, 0, 0, [], 1, 0)++
1`(117, 0.5, 36.97, 54.34, 142.0, 0, 0, [], [], 0, 0, 0, [], 1, 0)++
1`(118, 0.5, 87.28, 50.4, 142.0, 0, 0, [], [], 0, 0, 0, [], 1, 0)++
1`(119, 0.5, 46.59, 93.41, 142.0, 0, 0, [], [], 0, 0, 0, [], 1, 0)++
1`(120, 0.5, 48.89, 88.03, 142.0, 0, 0, [], [], 0, 0, 0, [], 1, 0)++
1`(121, 0.5, 75.54, 63.72, 142.0, 0, 0, [], [], 0, 0, 0, [], 1, 0)++
1`(122, 0.5, 69.19, 24.84, 142.0, 0, 0, [], [], 0, 0, 0, [], 1, 0)++
1`(123, 0.5, 14.6, 23.19, 142.0, 0, 0, [], [], 0, 0, 0, [], 1, 0)++
1`(124, 0.5, 76.86, 50.21, 142.0, 0, 0, [], [], 0, 0, 0, [], 1, 0)++
1`(125, 0.5, 52.42, 35.79, 142.0, 0, 0, [], [], 0, 0, 0, [], 1, 0)++
1`(126, 0.5, 63.09, 36.57, 142.0, 0, 0, [], [], 0, 0, 0, [], 1, 0)++
1`(127, 0.5, 52.55, 79.67, 142.0, 0, 0, [], [], 0, 0, 0, [], 1, 0)++
1`(128, 0.5, 29.57, 92.79, 142.0, 0, 0, [], [], 0, 0, 0, [], 1, 0)++
1`(129, 0.5, 71.25, 59.79, 142.0, 0, 0, [], [], 0, 0, 0, [], 1, 0)++
1`(130, 0.5, 77.92, 79.91, 142.0, 0, 0, [], [], 0, 0, 0, [], 1, 0)++
1`(131, 0.5, 6.4, 22.67, 142.0, 0, 0, [], [], 0, 0, 0, [], 1, 0)++
1`(132, 0.5, 53.67, 98.54, 142.0, 0, 0, [], [], 0, 0, 0, [], 1, 0)++
1`(133, 0.5, 77.13, 72.1, 142.0, 0, 0, [], [], 0, 0, 0, [], 1, 0)++
1`(134, 0.5, 93.17, 1.58, 142.0, 0, 0, [], [], 0, 0, 0, [], 1, 0)++
1`(135, 0.5, 20.09, 89.7, 142.0, 0, 0, [], [], 0, 0, 0, [], 1, 0)++
1`(136, 0.5, 50.79, 59.23, 142.0, 0, 0, [], [], 0, 0, 0, [], 1, 0)++
1`(137, 0.5, 24.17, 69.25, 142.0, 0, 0, [], [], 0, 0, 0, [], 1, 0)++
1`(138, 0.5, 55.11, 42.93, 142.0, 0, 0, [], [], 0, 0, 0, [], 1, 0)++
1`(139, 0.5, 82.21, 17.39, 142.0, 0, 0, [], [], 0, 0, 0, [], 1, 0)++
1`(140, 0.5, 49.57, 21.96, 142.0, 0, 0, [], [], 0, 0, 0, [], 1, 0)++
1`(141, 0.5, 35.17, 49.57, 142.0, 0, 0, [], [], 0, 0, 0, [], 1, 0)++
1`(142, 0.5, 73.31, 70.31, 142.0, 0, 0, [], [], 0, 0, 0, [], 1, 0)++
1`(143, 0.5, 90.47, 16.88, 142.0, 0, 0, [], [], 0, 0, 0, [], 1, 0)++
1`(144, 0.5, 42.48, 75.48, 142.0, 0, 0, [], [], 0, 0, 0, [], 1, 0)++
1`(145, 0.5, 52.19, 77.83, 142.0, 0, 0, [], [], 0, 0, 0, [], 1, 0)++
1`(146, 0.5, 38.53, 94.81, 142.0, 0, 0, [], [], 0, 0, 0, [], 1, 0)++
1`(147, 0.5, 54.93, 93.74, 142.0, 0, 0, [], [], 0, 0, 0, [], 1, 0)++
1`(148, 0.5, 78.79, 78.51, 142.0, 0, 0, [], [], 0, 0, 0, [], 1, 0)++
1`(149, 0.5, 49.85, 41.78, 142.0, 0, 0, [], [], 0, 0, 0, [], 1, 0)++
1`(150, 0.5, 7.63, 86.06, 142.0, 0, 0, [], [], 0, 0, 0, [], 1, 0)
