1`(1, 0.5, 7.75, 25.25, 142.0, 0, 0, [], [], 0, 0, 0, [], 1, 0)++
1`(2, 0.5, 1.33, 16.7, 142.0, 0, 0, [], [], 0, 0, 0, [], 1, 0)++
1`(3, 0.5, 77.5, 50.06, 142.0, 0, 0, [], [], 0, 0, 0, [], 1, 0)++
1`(4, 0.5, 22.29, 68.52, 142.0, 0, 0, [], [], 0, 0, 0, [], 1, 0)++
1`(5, 0.5, 67.95, 98.63, 142.0, 0, 0, [], [], 0, 0, 0, [], 1, 0)++
1`(6, 0.5, 60.14, 6.78, 142.0, 0, 0, [], [], 0, 0, 0, [], 1, 0)++
1`(7, 0.5, 61.49, 14.44, 142.0, 0, 0, [], [], 0, 0, 0, [], 1, 0)++
1`(8, 0.5, 19.45, 46.74, 142.0, 0, 0, [], [], 0, 0, 0, [], 1, 0)++
1`(9, 0.5, 39.55, 86.87, 142.0, 0, 0, [], [], 0, 0, 0, [], 1, 0)++
1`(10, 0.5, 93.06, 64.92, 142.0, 0, 0, [], [], 0, 0, 0, [], 1, 0)++
1`(11, 0.5, 97.41, 74.72, 142.0, 0, 0, [], [], 0, 0, 0, [], 1, 0)++
1`(12, 0.5, 4.05, 93.52, 142.0, 0, 0, [], [], 0, 0, 0, [], 1, 0)++
1`(13, 0.5, 70.99, 22.85, 142.0, 0, 0, [], [], 0, 0, 0, [], 1, 0)++
1`(14, 0.5, 18.11, 35.0, 142.0, 0, 0, [], [], 0, 0, 0, [], 1, 0)++
1`(15, 0.5, 70.15, 46.73, 142.0, 0, 0, [], [], 0, 0, 0, [], 1, 0)++
1`(16, 0.5, 53.22, 56.67, 142.0, 0, 0, [], [], 0, 0, 0, [], 1, 0)++
1`(17, 0.5, 53.66, 56.38, 142.0, 0, 0, [], [], 0, 0, 0, [], 1, 0)++
1`(18, 0.5, 11.78, 60.72, 142.0, 0, 0, [], [], 0, 0, 0, [], 1, 0)++
1`(19, 0.5, 75.9, 12.89, 142.0, 0, 0, [], [], 0, 0, 0, [], 1, 0)++
1`(20, 0.5, 95.21, 90.67, 142.0, 0, 0, [], [], 0, 0, 0, [], 1, 0)++
1`(21, 0.5, 53.18, 27.7, 142.0, 0, 0, [], [], 0, 0, 0, [], 1, 0)++
1`(22, 0.5, 22.31, 13.95, 142.0, 0, 0, [], [], 0, 0, 0, [], 1, 0)++
1`(23, 0.5, 94.37, 88.31, 142.0, 0, 0, [], [], 0, 0, 0, [], 1, 0)++
1`(24, 0.5, 96.07, 25.69, 142.0, 0, 0, [], [], 0, 0, 0, [], 1, 0)++
1`(25, 0.5, 60.96, 53.71, 142.0, 0, 0, [], [], 0, 0, 0, [], 1, 0)++
1`(26, 0.5, 55.89, 18.08, 142.0, 0, 0, [], [], 0, 0, 0, [], 1, 0)++
1`(27, 0.5, 58.62, 38.81, 142.0, 0, 0, [], [], 0, 0, 0, [], 1, 0)++
1`(28, 0.5, 95.61, 70.54, 142.0, 0, 0, [], [], 0, 0, 0, [], 1, 0)++
1`(29, 0.5, 55.79, 19.73, 142.0, 0, 0, [], [], 0, 0, 0, [], 1, 0)++
1`(30, 0.5, 58.76, 10.93, 142.0, 0, 0, [], [], 0, 0, 0, [], 1, 0)++
1`(31, 0.5, 38.59, 25.39, 142.0, 0, 0, [], [], 0, 0, 0, [], 1, 0)++
1`(32, 0.5, 18.07, 67.1, 142.0, 0, 0, [], [], 0, 0, 0, [], 1, 0)++
1`(33, 0.5, 23.05, 34.76, 142.0, 0, 0, [], [], 0, 0, 0, [], 1, 0)++
1`(34, 0.5, 29.46, 62.99, 142.0, 0, 0, [], [], 0, 0, 0, [], 1, 0)++
1`(35, 0.5, 19.84, 91.87, 142.0, 0, 0, [], [], 0, 0, 0, [], 1, 0)++
1`(36, 0.5, 8.06, 67.36, 142.0, 0, 0, [], [], 0, 0, 0, [], 1, 0)++
1`(37, 0.5, 83.87, 70.09, 142.0, 0, 0, [], [], 0, 0, 0, [], 1, 0)++
1`(38, 0.5, 28.94, 88.05, 142.0, 0, 0, [], [], 0, 0, 0, [], 1, 0)++
1`(39, 0.5, 14.52, 13.46, 142.0, 0, 0, [], [], 0, 0, 0, [], 1, 0)++
1`(40, 0.5, 8.14, 85.8, 142.0, 0, 0, [], [], 0, 0, 0, [], 1, 0)++
1`(41, 0.5, 32.14, 22.07, 142.0, 0, 0, [], [], 0, 0, 0, [], 1, 0)++
1`(42, 0.5, 45.68, 83.14, 142.0, 0, 0, [], [], 0, 0, 0, [], 1, 0)++
1`(43, 0.5, 89.47, 79.34, 142.0, 0, 0, [], [], 0, 0, 0, [], 1, 0)++
1`(44, 0.5, 41.77, 84.9, 142.0, 0, 0, [], [], 0, 0, 0, [], 1, 0)++
1`(45, 0.5, 2.39, 13.32, 142.0, 0, 0, [], [], 0, 0, 0, [], 1, 0)++
1`(46, 0.5, 8.42, 15.23, 142.0, 0, 0, [], [], 0, 0, 0, [], 1, 0)++
1`(47, 0.5, 97.46, 80.79, 142.0, 0, 0, [], [], 0, 0, 0, [], 1, 0)++
1`(48, 0.5, 26.82, 22.24, 142.0, 0, 0, [], [], 0, 0, 0, [], 1, 0)++
1`(49, 0.5, 84.98, 90.37, 142.0, 0, 0, [], [], 0, 0, 0, [], 1, 0)++
1`(50, 0.5, 73.48, 70.54, 142.0, 0, 0, [], [], 0, 0, 0, [], 1, 0)++
1`(51, 0.5, 80.8, 48.81, 142.0, 0, 0, [], [], 0, 0, 0, [], 1, 0)++
1`(52, 0.5, 64.5, 68.83, 142.0, 0, 0, [], [], 0, 0, 0, [], 1, 0)++
1`(53, 0.5, 96.29, 41.83, 142.0, 0, 0, [], [], 0, 0, 0, [], 1, 0)++
1`(54, 0.5, 51.64, 65.47, 142.0, 0, 0, [], [], 0, 0, 0, [], 1, 0)++
1`(55, 0.5, 85.05, 77.29, 142.0, 0, 0, [], [], 0, 0, 0, [], 1, 0)++
1`(56, 0.5, 96.02, 88.18, 142.0, 0, 0, [], [], 0, 0, 0, [], 1, 0)++
1`(57, 0.5, 55.06, 38.85, 142.0, 0, 0, [], [], 0, 0, 0, [], 1, 0)++
1`(58, 0.5, 75.89, 57.08, 142.0, 0, 0, [], [], 0, 0, 0, [], 1, 0)++
1`(59, 0.5, 70.58, 77.19, 142.0, 0, 0, [], [], 0, 0, 0, [], 1, 0)++
1`(60, 0.5, 93.97, 81.2, 142.0, 0, 0, [], [], 0, 0, 0, [], 1, 0)++
1`(61, 0.5, 80.5, 83.38, 142.0, 0, 0, [], [], 0, 0, 0, [], 1, 0)++
1`(62, 0.5, 74.2, 40.13, 142.0, 0, 0, [], [], 0, 0, 0, [], 1, 0)++
1`(63, 0.5, 52.76, 50.73, 142.0, 0, 0, [], [], 0, 0, 0, [], 1, 0)++
1`(64, 0.5, 49.44, 43.23, 142.0, 0, 0, [], [], 0, 0, 0, [], 1, 0)++
1`(65, 0.5, 79.92, 58.83, 142.0, 0, 0, [], [], 0, 0, 0, [], 1, 0)++
1`(66, 0.5, 77.73, 52.46, 142.0, 0, 0, [], [], 0, 0, 0, [], 1, 0)++
1`(67, 0.5, 8.37, 69.91, 142.0, 0, 0, [], [], 0, 0, 0, [], 1, 0)++
1`(68, 0.5, 56.52, 28.49, 142.0, 0, 0, [], [], 0, 0, 0, [], 1, 0)++
1`(69, 0.5, 27.99, 94.21, 142.0, 0, 0, [], [], 0, 0, 0, [], 1, 0)++
1`(70, 0.5, 64.54, 48.85, 142.0, 0, 0, [], [], 0, 0, 0, [], 1, 0)++
1`(71, 0.5, 56.49, 98.3, 142.0, 0, 0, [], [], 0, 0, 0, [], 1, 0)++
1`(72, 0.5, 53.24, 75.6, 142.0, 0, 0, [], [], 0, 0, 0, [], 1, 0)++
1`(73, 0.5, 24.2, 88.43, 142.0, 0, 0, [], [], 0, 0, 0, [], 1, 0)++
1`(74, 0.5, 87.77, 40.72, 142.0, 0, 0, [], [], 0, 0, 0, [], 1, 0)++
1`(75, 0.5, 86.32, 42.35, 142.0, 0, 0, [], [], 0, 0, 0, [], 1, 0)++
1`(76, 0.5, 73.15, 85.63, 142.0, 0, 0, [], [], 0, 0, 0, [], 1, 0)++
1`(77, 0.5, 86.91, 8.41, 142.0, 0, 0, [], [], 0, 0, 0, [], 1, 0)++
1`(78, 0.5, 46.1, 71.97, 142.0, 0, 0, [], [], 0, 0, 0, [], 1, 0)++
1`(79, 0.5, 34.43, 6.51, 142.0, 0, 0, [], [], 0, 0, 0, [], 1, 0)++
1`(80, 0.5, 86.56, 83.9, 142.0, 0, 0, [], [], 0, 0, 0, [], 1, 0)++
1`(81, 0.5, 8.49, 25.91, 142.0, 0, 0, [], [], 0, 0, 0, [], 1, 0)++
1`(82, 0.5, 76.69, 19.61, 142.0, 0, 0, [], [], 0, 0, 0, [], 1, 0)++
1`(83, 0.5, 35.4, 31.0, 142.0, 0, 0, [], [], 0, 0, 0, [], 1, 0)++
1`(84, 0.5, 1.16, 8.3, 142.0, 0, 0, [], [], 0, 0, 0, [], 1, 0)++
1`(85, 0.5, 13.01, 91.74, 142.0, 0, 0, [], [], 0, 0, 0, [], 1, 0)++
1`(86, 0.5, 92.97, 68.35, 142.0, 0, 0, [], [], 0, 0, 0, [], 1, 0)++
1`(87, 0.5, 41.42, 75.07, 142.0, 0, 0, [], [], 0, 0, 0, [], 1, 0)++
1`(88, 0.5, 47.48, 95.32, 142.0, 0, 0, [], [], 0, 0, 0, [], 1, 0)++
1`(89, 0.5, 61.98, 40.33, 142.0, 0, 0, [], [], 0, 0, 0, [], 1, 0)++
1`(90, 0.5, 52.79, 70.74, 142.0, 0, 0, [], [], 0, 0, 0, [], 1, 0)++
1`(91, 0.5, 16.89, 26.49, 142.0, 0, 0, [], [], 0, 0, 0, [], 1, 0)++
1`(92, 0.5, 74.53, 43.01, 142.0, 0, 0, [], [], 0, 0, 0, [], 1, 0)++
1`(93, 0.5, 22.55, 19.63, 142.0, 0, 0, [], [], 0, 0, 0, [], 1, 0)++
1`(94, 0.5, 44.87, 79.19, 142.0, 0, 0, [], [], 0, 0, 0, [], 1, 0)++
1`(95, 0.5, 57.36, 90.02, 142.0, 0, 0, [], [], 0, 0, 0, [], 1, 0)++
1`(96, 0.5, 91.23, 13.61, 142.0, 0, 0, [], [], 0, 0, 0, [], 1, 0)++
1`(97, 0.5, 66.72, 29.41, 142.0, 0, 0, [], [], 0, 0, 0, [], 1, 0)++
1`(98, 0.5, 15.73, 29.42, 142.0, 0, 0, [], [], 0, 0, 0, [], 1, 0)++
1`(99, 0.5, 47.62, 11.28, 142.0, 0, 0, [], [], 0, 0, 0, [], 1, 0)++
1`(100, 0.5, 52.25, 83.21, 142.0, 0, 0, [], [], 0, 0, 0, [], 1, 0)++
1`(101, 0.5, 27.24, 9.75, 142.0, 0, 0, [], [], 0, 0, 0, [], 1, 0)++
1`(102, 0.5, 96.73, 5.33, 142.0, 0, 0, [], [], 0, 0, 0, [], 1, 0)++
1`(103, 0.5, 8.33, 52.83, 142.0, 0, 0, [], [], 0, 0, 0, [], 1, 0)++
1`(104, 0.5, 18.53, 79.27, 142.0, 0, 0, [], [], 0, 0, 0, [], 1, 0)++
1`(105, 0.5, 21.82, 97.1, 142.0, 0, 0, [], [], 0, 0, 0, [], 1, 0)++
1`(106, 0.5, 93.32, 17.51, 142.0, 0, 0, [], [], 0, 0, 0, [], 1, 0)++
1`(107, 0.5, 96.38, 1.11, 142.0, 0, 0, [], [], 0, 0, 0, [], 1, 0)++
1`(108, 0.5, 37.29, 4.93, 142.0, 0, 0, [], [], 0, 0, 0, [], 1, 0)++
1`(109, 0.5, 72.87, 17.99, 142.0, 0, 0, [], [], 0, 0, 0, [], 1, 0)++
1`(110, 0.5, 17.9, 91.78, 142.0, 0, 0, [], [], 0, 0, 0, [], 1, 0)++
1`(111, 0.5, 44.58, 33.28, 142.0, 0, 0, [], [], 0, 0, 0, [], 1, 0)++
1`(112, 0.5, 93.31, 63.95, 142.0, 0, 0, [], [], 0, 0, 0, [], 1, 0)++
1`(113, 0.5, 37.97, 88.22, 142.0, 0, 0, [], [], 0, 0, 0, [], 1, 0)++
1`(114, 0.5, 61.58, 89.52, 142.0, 0, 0, [], [], 0, 0, 0, [], 1, 0)++
1`(115, 0.5, 91.97, 70.65, 142.0, 0, 0, [], [], 0, 0, 0, [], 1, 0)++
1`(116, 0.5, 78.24, 64.38, 142.0, 0, 0, [], [], 0, 0, 0, [], 1, 0)++
1`(117, 0.5, 5.87, 23.37, 142.0, 0, 0, [], [], 0, 0, 0, [], 1, 0)++
1`(118, 0.5, 22.49, 90.97, 142.0, 0, 0, [], [], 0, 0, 0, [], 1, 0)++
1`(119, 0.5, 97.52, 95.12, 142.0, 0, 0, [], [], 0, 0, 0, [], 1, 0)++
1`(120, 0.5, 73.26, 63.78, 142.0, 0, 0, [], [], 0, 0, 0, [], 1, 0)++
1`(121, 0.5, 98.65, 11.68, 142.0, 0, 0, [], [], 0, 0, 0, [], 1, 0)++
1`(122, 0.5, 57.49, 80.87, 142.0, 0, 0, [], [], 0, 0, 0, [], 1, 0)++
1`(123, 0.5, 12.67, 87.62, 142.0, 0, 0, [], [], 0, 0, 0, [], 1, 0)++
1`(124, 0.5, 52.79, 23.59, 142.0, 0, 0, [], [], 0, 0, 0, [], 1, 0)++
1`(125, 0.5, 7.96, 97.36, 142.0, 0, 0, [], [], 0, 0, 0, [], 1, 0)++
1`(126, 0.5, 3.13, 51.88, 142.0, 0, 0, [], [], 0, 0, 0, [], 1, 0)++
1`(127, 0.5, 65.01, 17.82, 142.0, 0, 0, [], [], 0, 0, 0, [], 1, 0)++
1`(128, 0.5, 94.79, 93.14, 142.0, 0, 0, [], [], 0, 0, 0, [], 1, 0)++
1`(129, 0.5, 55.17, 68.03, 142.0, 0, 0, [], [], 0, 0, 0, [], 1, 0)++
1`(130, 0.5, 16.49, 17.22, 142.0, 0, 0, [], [], 0, 0, 0, [], 1, 0)++
1`(131, 0.5, 67.91, 76.32, 142.0, 0, 0, [], [], 0, 0, 0, [], 1, 0)++
1`(132, 0.5, 22.87, 37.93, 142.0, 0, 0, [], [], 0, 0, 0, [], 1, 0)++
1`(133, 0.5, 62.49, 99.84, 142.0, 0, 0, [], [], 0, 0, 0, [], 1, 0)++
1`(134, 0.5, 57.53, 74.43, 142.0, 0, 0, [], [], 0, 0, 0, [], 1, 0)++
1`(135, 0.5, 31.32, 30.92, 142.0, 0, 0, [], [], 0, 0, 0, [], 1, 0)++
1`(136, 0.5, 76.1, 6.26, 142.0, 0, 0, [], [], 0, 0, 0, [], 1, 0)++
1`(137, 0.5, 13.5, 89.93, 142.0, 0, 0, [], [], 0, 0, 0, [], 1, 0)++
1`(138, 0.5, 23.99, 65.17, 142.0, 0, 0, [], [], 0, 0, 0, [], 1, 0)++
1`(139, 0.5, 65.73, 72.16, 142.0, 0, 0, [], [], 0, 0, 0, [], 1, 0)++
1`(140, 0.5, 79.92, 33.03, 142.0, 0, 0, [], [], 0, 0, 0, [], 1, 0)++
1`(141, 0.5, 43.1, 32.39, 142.0, 0, 0, [], [], 0, 0, 0, [], 1, 0)++
1`(142, 0.5, 11.32, 89.5, 142.0, 0, 0, [], [], 0, 0, 0, [], 1, 0)++
1`(143, 0.5, 92.42, 18.8, 142.0, 0, 0, [], [], 0, 0, 0, [], 1, 0)++
1`(144, 0.5, 83.59, 5.67, 142.0, 0, 0, [], [], 0, 0, 0, [], 1, 0)++
1`(145, 0.5, 21.97, 64.74, 142.0, 0, 0, [], [], 0, 0, 0, [], 1, 0)++
1`(146, 0.5, 22.55, 92.78, 142.0, 0, 0, [], [], 0, 0, 0, [], 1, 0)++
1`(147, 0.5, 71.17, 11.42, 142.0, 0, 0, [], [], 0, 0, 0, [], 1, 0)++
1`(148, 0.5, 84.75, 38.64, 142.0, 0, 0, [], [], 0, 0, 0, [], 1, 0)++
1`(149, 0.5, 9.76, 45.61, 142.0, 0, 0, [], [], 0, 0, 0, [], 1, 0)++
1`(150, 0.5, 77.19, 96.06, 142.0, 0, 0, [], [], 0, 0, 0, [], 1, 0)
