1`(1, 0.5, 98.06, 88.52, 142.0, 0, 0, [], [], 0, 0, 0, [], 1, 0)++
1`(2, 0.5, 79.22, 3.14, 142.0, 0, 0, [], [], 0, 0, 0, [], 1, 0)++
1`(3, 0.5, 87.08, 64.08, 142.0, 0, 0, [], [], 0, 0, 0, [], 1, 0)++
1`(4, 0.5, 54.43, 83.29, 142.0, 0, 0, [], [], 0, 0, 0, [], 1, 0)++
1`(5, 0.5, 91.58, 20.7, 142.0, 0, 0, [], [], 0, 0, 0, [], 1, 0)++
1`(6, 0.5, 26.2, 49.57, 142.0, 0, 0, [], [], 0, 0, 0, [], 1, 0)++
1`(7, 0.5, 57.81, 1.32, 142.0, 0, 0, [], [], 0, 0, 0, [], 1, 0)++
1`(8, 0.5, 16.21, 40.21, 142.0, 0, 0, [], [], 0, 0, 0, [], 1, 0)++
1`(9, 0.5, 48.87, 33.54, 142.0, 0, 0, [], [], 0, 0, 0, [], 1, 0)++
1`(10, 0.5, 66.82, 70.1, 142.0, 0, 0, [], [], 0, 0, 0, [], 1, 0)++
1`(11, 0.5, 57.99, 13.2, 142.0, 0, 0, [], [], 0, 0, 0, [], 1, 0)++
1`(12, 0.5, 99.84, 57.03, 142.0, 0, 0, [], [], 0, 0, 0, [], 1, 0)++
1`(13, 0.5, 34.98, 35.19, 142.0, 0, 0, [], [], 0, 0, 0, [], 1, 0)++
1`(14, 0.5, 65.08, 93.86, 142.0, 0, 0, [], [], 0, 0, 0, [], 1, 0)++
1`(15, 0.5, 42.34, 22.97, 142.0, 0, 0, [], [], 0, 0, 0, [], 1, 0)++
1`(16, 0.5, 67.05, 53.02, 142.0, 0, 0, [], [], 0, 0, 0, [], 1, 0)++
1`(17, 0.5, 36.44, 20.03, 142.0, 0, 0, [], [], 0, 0, 0, [], 1, 0)++
1`(18, 0.5, 24.9, 18.01, 142.0, 0, 0, [], [], 0, 0, 0, [], 1, 0)++
1`(19, 0.5, 3.51, 69.43, 142.0, 0, 0, [], [], 0, 0, 0, [], 1, 0)++
1`(20, 0.5, 99.24, 69.32, 142.0, 0, 0, [], [], 0, 0, 0, [], 1, 0)++
1`(21, 0.5, 71.19, 71.08, 142.0, 0, 0, [], [], 0, 0, 0, [], 1, 0)++
1`(22, 0.5, 19.67, 41.97, 142.0, 0, 0, [], [], 0, 0, 0, [], 1, 0)++
1`(23, 0.5, 59.05, 58.34, 142.0, 0, 0, [], [], 0, 0, 0, [], 1, 0)++
1`(24, 0.5, 19.03, 54.77, 142.0, 0, 0, [], [], 0, 0, 0, [], 1, 0)++
1`(25, 0.5, 46.92, 98.02, 142.0, 0, 0, [], [], 0, 0, 0, [], 1, 0)++
1`(26, 0.5, 15.94, 22.04, 142.0, 0, 0, [], [], 0, 0, 0, [], 1, 0)++
1`(27, 0.5, 46.51, 44.13, 142.0, 0, 0, [], [], 0, 0, 0, [], 1, 0)++
1`(28, 0.5, 73.44, 10.31, 142.0, 0, 0, [], [], 0, 0, 0, [], 1, 0)++
1`(29, 0.5, 20.31, 67.03, 142.0, 0, 0, [], [], 0, 0, 0, [], 1, 0)++
1`(30, 0.5, 73.24, 23.31, 142.0, 0, 0, [], [], 0, 0, 0, [], 1, 0)++
1`(31, 0.5, 62.1, 65.37, 142.0, 0, 0, [], [], 0, 0, 0, [], 1, 0)++
1`(32, 0.5, 79.77, 97.32, 142.0, 0, 0, [], [], 0, 0, 0, [], 1, 0)++
1`(33, 0.5, 58.71, 51.26, 142.0, 0, 0, [], [], 0, 0, 0, [], 1, 0)++
1`(34, 0.5, 3.67, 55.37, 142.0, 0, 0, [], [], 0, 0, 0, [], 1, 0)++
1`(35, 0.5, 39.93, 17.2, 142.0, 0, 0, [], [], 0, 0, 0, [], 1, 0)++
1`(36, 0.5, 42.4, 47.13, 142.0, 0, 0, [], [], 0, 0, 0, [], 1, 0)++
1`(37, 0.5, 21.74, 0.71, 142.0, 0, 0, [], [], 0, 0, 0, [], 1, 0)++
1`(38, 0.5, 17.86, 85.32, 142.0, 0, 0, [], [], 0, 0, 0, [], 1, 0)++
1`(39, 0.5, 6.31, 85.82, 142.0, 0, 0, [], [], 0, 0, 0, [], 1, 0)++
1`(40, 0.5, 92.53, 41.15, 142.0, 0, 0, [], [], 0, 0, 0, [], 1, 0)++
1`(41, 0.5, 99.88, 27.35, 142.0, 0, 0, [], [], 0, 0, 0, [], 1, 0)++
1`(42, 0.5, 7.05, 98.81, 142.0, 0, 0, [], [], 0, 0, 0, [], 1, 0)++
1`(43, 0.5, 38.08, 39.86, 142.0, 0, 0, [], [], 0, 0, 0, [], 1, 0)++
1`(44, 0.5, 78.68, 17.07, 142.0, 0, 0, [], [], 0, 0, 0, [], 1, 0)++
1`(45, 0.5, 9.89, 98.19, 142.0, 0, 0, [], [], 0, 0, 0, [], 1, 0)++
1`(46, 0.5, 52.16, 94.8, 142.0, 0, 0, [], [], 0, 0, 0, [], 1, 0)++
1`(47, 0.5, 30.05, 38.99, 142.0, 0, 0, [], [], 0, 0, 0, [], 1, 0)++
1`(48, 0.5, 30.36, 69.82, 142.0, 0, 0, [], [], 0, 0, 0, [], 1, 0)++
1`(49, 0.5, 45.12, 20.03, 142.0, 0, 0, [], [], 0, 0, 0, [], 1, 0)++
1`(50, 0.5, 18.35, 39.02, 142.0, 0, 0, [], [], 0, 0, 0, [], 1, 0)++
1`(51, 0.5, 44.41, 95.93, 142.0, 0, 0, [], [], 0, 0, 0, [], 1, 0)++
1`(52, 0.5, 51.56, 25.18, 142.0, 0, 0, [], [], 0, 0, 0, [], 1, 0)++
1`(53, 0.5, 63.44, 33.4, 142.0, 0, 0, [], [], 0, 0, 0, [], 1, 0)++
1`(54, 0.5, 27.19, 6.7, 142.0, 0, 0, [], [], 0, 0, 0, [], 1, 0)++
1`(55, 0.5, 73.68, 41.25, 142.0, 0, 0, [], [], 0, 0, 0, [], 1, 0)++
1`(56, 0.5, 99.93, 14.03, 142.0, 0, 0, [], [], 0, 0, 0, [], 1, 0)++
1`(57, 0.5, 40.7, 96.97, 142.0, 0, 0, [], [], 0, 0, 0, [], 1, 0)++
1`(58, 0.5, 23.34, 46.77, 142.0, 0, 0, [], [], 0, 0, 0, [], 1, 0)++
1`(59, 0.5, 24.06, 92.53, 142.0, 0, 0, [], [], 0, 0, 0, [], 1, 0)++
1`(60, 0.5, 58.39, 85.13, 142.0, 0, 0, [], [], 0, 0, 0, [], 1, 0)++
1`(61, 0.5, 66.04, 22.41, 142.0, 0, 0, [], [], 0, 0, 0, [], 1, 0)++
1`(62, 0.5, 88.49, 45.44, 142.0, 0, 0, [], [], 0, 0, 0, [], 1, 0)++
1`(63, 0.5, 46.95, 2.05, 142.0, 0, 0, [], [], 0, 0, 0, [], 1, 0)++
1`(64, 0.5, 47.02, 44.6, 142.0, 0, 0, [], [], 0, 0, 0, [], 1, 0)++
1`(65, 0.5, 81.94, 19.25, 142.0, 0, 0, [], [], 0, 0, 0, [], 1, 0)++
1`(66, 0.5, 99.07, 46.43, 142.0, 0, 0, [], [], 0, 0, 0, [], 1, 0)++
1`(67, 0.5, 76.78, 23.12, 142.0, 0, 0, [], [], 0, 0, 0, [], 1, 0)++
1`(68, 0.5, 47.83, 19.26, 142.0, 0, 0, [], [], 0, 0, 0, [], 1, 0)++
1`(69, 0.5, 51.44, 17.07, 142.0, 0, 0, [], [], 0, 0, 0, [], 1, 0)++
1`(70, 0.5, 40.77, 78.23, 142.0, 0, 0, [], [], 0, 0, 0, [], 1, 0)++
1`(71, 0.5, 86.97, 84.44, 142.0, 0, 0, [], [], 0, 0, 0, [], 1, 0)++
1`(72, 0.5, 78.45, 24.45, 142.0, 0, 0, [], [], 0, 0, 0, [], 1, 0)++
1`(73, 0.5, 2.15, 37.31, 142.0, 0, 0, [], [], 0, 0, 0, [], 1, 0)++
1`(74, 0.5, 37.41, 33.23, 142.0, 0, 0, [], [], 0, 0, 0, [], 1, 0)++
1`(75, 0.5, 49.7, 92.7, 142.0, 0, 0, [], [], 0, 0, 0, [], 1, 0)++
1`(76, 0.5, 62.15, 13.68, 142.0, 0, 0, [], [], 0, 0, 0, [], 1, 0)++
1`(77, 0.5, 26.14, 71.53, 142.0, 0, 0, [], [], 0, 0, 0, [], 1, 0)++
1`(78, 0.5, 59.06, 7.06, 142.0, 0, 0, [], [], 0, 0, 0, [], 1, 0)++
1`(79, 0.5, 97.9, 20.29, 142.0, 0, 0, [], [], 0, 0, 0, [], 1, 0)++
1`(80, 0.5, 57.52, 13.39, 142.0, 0, 0, [], [], 0, 0, 0, [], 1, 0)++
1`(81, 0.5, 49.99, 72.82, 142.0, 0, 0, [], [], 0, 0, 0, [], 1, 0)++
1`(82, 0.5, 18.89, 63.17, 142.0, 0, 0, [], [], 0, 0, 0, [], 1, 0)++
1`(83, 0.5, 17.89, 45.37, 142.0, 0, 0, [], [], 0, 0, 0, [], 1, 0)++
1`(84, 0.5, 40.85, 64.05, 142.0, 0, 0, [], [], 0, 0, 0, [], 1, 0)++
1`(85, 0.5, 37.2, 94.7, 142.0, 0, 0, [], [], 0, 0, 0, [], 1, 0)++
1`(86, 0.5, 24.81, 81.27, 142.0, 0, 0, [], [], 0, 0, 0, [], 1, 0)++
1`(87, 0.5, 86.54, 31.92, 142.0, 0, 0, [], [], 0, 0, 0, [], 1, 0)++
1`(88, 0.5, 80.51, 34.59, 142.0, 0, 0, [], [], 0, 0, 0, [], 1, 0)++
1`(89, 0.5, 45.88, 87.18, 142.0, 0, 0, [], [], 0, 0, 0, [], 1, 0)++
1`(90, 0.5, 47.54, 92.19, 142.0, 0, 0, [], [], 0, 0, 0, [], 1, 0)++
1`(91, 0.5, 82.76, 96.56, 142.0, 0, 0, [], [], 0, 0, 0, [], 1, 0)++
1`(92, 0.5, 78.17, 58.15, 142.0, 0, 0, [], [], 0, 0, 0, [], 1, 0)++
1`(93, 0.5, 42.77, 8.15, 142.0, 0, 0, [], [], 0, 0, 0, [], 1, 0)++
1`(94, 0.5, 24.77, 15.97, 142.0, 0, 0, [], [], 0, 0, 0, [], 1, 0)++
1`(95, 0.5, 15.83, 3.69, 142.0, 0, 0, [], [], 0, 0, 0, [], 1, 0)++
1`(96, 0.5, 64.15, 52.25, 142.0, 0, 0, [], [], 0, 0, 0, [], 1, 0)++
1`(97, 0.5, 2.0, 13.83, 142.0, 0, 0, [], [], 0, 0, 0, [], 1, 0)++
1`(98, 0.5, 51.65, 76.48, 142.0, 0, 0, [], [], 0, 0, 0, [], 1, 0)++
1`(99, 0.5, 79.05, 62.24, 142.0, 0, 0, [], [], 0, 0, 0, [], 1, 0)++
1`(100, 0.5, 36.58, 32.99, 142.0, 0, 0, [], [], 0, 0, 0, [], 1, 0)++
1`(101, 0.5, 40.96, 53.92, 142.0, 0, 0, [], [], 0, 0, 0, [], 1, 0)++
1`(102, 0.5, 42.33, 93.79, 142.0, 0, 0, [], [], 0, 0, 0, [], 1, 0)++
1`(103, 0.5, 45.91, 75.42, 142.0, 0, 0, [], [], 0, 0, 0, [], 1, 0)++
1`(104, 0.5, 17.08, 30.4, 142.0, 0, 0, [], [], 0, 0, 0, [], 1, 0)++
1`(105, 0.5, 94.79, 87.4, 142.0, 0, 0, [], [], 0, 0, 0, [], 1, 0)++
1`(106, 0.5, 28.43, 65.03, 142.0, 0, 0, [], [], 0, 0, 0, [], 1, 0)++
1`(107, 0.5, 63.56, 64.46, 142.0, 0, 0, [], [], 0, 0, 0, [], 1, 0)++
1`(108, 0.5, 84.56, 61.65, 142.0, 0, 0, [], [], 0, 0, 0, [], 1, 0)++
1`(109, 0.5, 36.66, 98.37, 142.0, 0, 0, [], [], 0, 0, 0, [], 1, 0)++
1`(110, 0.5, 26.95, 88.62, 142.0, 0, 0, [], [], 0, 0, 0, [], 1, 0)++
1`(111, 0.5, 21.62, 48.06, 142.0, 0, 0, [], [], 0, 0, 0, [], 1, 0)++
1`(112, 0.5, 97.12, 10.36, 142.0, 0, 0, [], [], 0, 0, 0, [], 1, 0)++
1`(113, 0.5, 41.76, 60.45, 142.0, 0, 0, [], [], 0, 0, 0, [], 1, 0)++
1`(114, 0.5, 80.27, 32.75, 142.0, 0, 0, [], [], 0, 0, 0, [], 1, 0)++
1`(115, 0.5, 28.95, 57.52, 142.0, 0, 0, [], [], 0, 0, 0, [], 1, 0)++
1`(116, 0.5, 93.67, 25.0, 142.0, 0, 0, [], [], 0, 0, 0, [], 1, 0)++
1`(117, 0.5, 27.19, 22.61, 142.0, 0, 0, [], [], 0, 0, 0, [], 1, 0)++
1`(118, 0.5, 17.19, 75.26, 142.0, 0, 0, [], [], 0, 0, 0, [], 1, 0)++
1`(119, 0.5, 37.08, 50.38, 142.0, 0, 0, [], [], 0, 0, 0, [], 1, 0)++
1`(120, 0.5, 46.98, 68.26, 142.0, 0, 0, [], [], 0, 0, 0, [], 1, 0)++
1`(121, 0.5, 32.41, 46.67, 142.0, 0, 0, [], [], 0, 0, 0, [], 1, 0)++
1`(122, 0.5, 34.2, 72.62, 142.0, 0, 0, [], [], 0, 0, 0, [], 1, 0)++
1`(123, 0.5, 85.91, 47.03, 142.0, 0, 0, [], [], 0, 0, 0, [], 1, 0)++
1`(124, 0.5, 41.31, 69.28, 142.0, 0, 0, [], [], 0, 0, 0, [], 1, 0)++
1`(125, 0.5, 85.7, 1.74, 142.0, 0, 0, [], [], 0, 0, 0, [], 1, 0)++
1`(126, 0.5, 72.73, 99.05, 142.0, 0, 0, [], [], 0, 0, 0, [], 1, 0)++
1`(127, 0.5, 95.55, 58.58, 142.0, 0, 0, [], [], 0, 0, 0, [], 1, 0)++
1`(128, 0.5, 2.07, 82.13, 142.0, 0, 0, [], [], 0, 0, 0, [], 1, 0)++
1`(129, 0.5, 88.11, 76.15, 142.0, 0, 0, [], [], 0, 0, 0, [], 1, 0)++
1`(130, 0.5, 30.16, 67.56, 142.0, 0, 0, [], [], 0, 0, 0, [], 1, 0)++
1`(131, 0.5, 82.07, 23.79, 142.0, 0, 0, [], [], 0, 0, 0, [], 1, 0)++
1`(132, 0.5, 67.39, 4.99, 142.0, 0, 0, [], [], 0, 0, 0, [], 1, 0)++
1`(133, 0.5, 94.09, 61.54, 142.0, 0, 0, [], [], 0, 0, 0, [], 1, 0)++
1`(134, 0.5, 51.89, 25.53, 142.0, 0, 0, [], [], 0, 0, 0, [], 1, 0)++
1`(135, 0.5, 67.44, 79.23, 142.0, 0, 0, [], [], 0, 0, 0, [], 1, 0)++
1`(136, 0.5, 98.83, 76.89, 142.0, 0, 0, [], [], 0, 0, 0, [], 1, 0)++
1`(137, 0.5, 87.41, 46.61, 142.0, 0, 0, [], [], 0, 0, 0, [], 1, 0)++
1`(138, 0.5, 39.62, 39.94, 142.0, 0, 0, [], [], 0, 0, 0, [], 1, 0)++
1`(139, 0.5, 16.83, 84.54, 142.0, 0, 0, [], [], 0, 0, 0, [], 1, 0)++
1`(140, 0.5, 35.51, 24.15, 142.0, 0, 0, [], [], 0, 0, 0, [], 1, 0)++
1`(141, 0.5, 33.75, 0.42, 142.0, 0, 0, [], [], 0, 0, 0, [], 1, 0)++
1`(142, 0.5, 44.76, 0.8, 142.0, 0, 0, [], [], 0, 0, 0, [], 1, 0)++
1`(143, 0.5, 38.93, 37.93, 142.0, 0, 0, [], [], 0, 0, 0, [], 1, 0)++
1`(144, 0.5, 29.17, 58.32, 142.0, 0, 0, [], [], 0, 0, 0, [], 1, 0)++
1`(145, 0.5, 22.52, 36.76, 142.0, 0, 0, [], [], 0, 0, 0, [], 1, 0)++
1`(146, 0.5, 83.11, 83.75, 142.0, 0, 0, [], [], 0, 0, 0, [], 1, 0)++
1`(147, 0.5, 37.8, 50.53, 142.0, 0, 0, [], [], 0, 0, 0, [], 1, 0)++
1`(148, 0.5, 2.62, 76.29, 142.0, 0, 0, [], [], 0, 0, 0, [], 1, 0)++
1`(149, 0.5, 7.19, 85.06, 142.0, 0, 0, [], [], 0, 0, 0, [], 1, 0)++
1`(150, 0.5, 85.77, 51.56, 142.0, 0, 0, [], [], 0, 0, 0, [], 1, 0)++
1`(151, 0.5, 62.29, 25.18, 142.0, 0, 0, [], [], 0, 0, 0, [], 1, 0)++
1`(152, 0.5, 33.46, 23.88, 142.0, 0, 0, [], [], 0, 0, 0, [], 1, 0)++
1`(153, 0.5, 53.81, 2.87, 142.0, 0, 0, [], [], 0, 0, 0, [], 1, 0)++
1`(154, 0.5, 69.25, 3.91, 142.0, 0, 0, [], [], 0, 0, 0, [], 1, 0)++
1`(155, 0.5, 55.75, 18.5, 142.0, 0, 0, [], [], 0, 0, 0, [], 1, 0)++
1`(156, 0.5, 10.6, 24.52, 142.0, 0, 0, [], [], 0, 0, 0, [], 1, 0)++
1`(157, 0.5, 23.15, 61.99, 142.0, 0, 0, [], [], 0, 0, 0, [], 1, 0)++
1`(158, 0.5, 21.04, 1.11, 142.0, 0, 0, [], [], 0, 0, 0, [], 1, 0)++
1`(159, 0.5, 23.87, 65.86, 142.0, 0, 0, [], [], 0, 0, 0, [], 1, 0)++
1`(160, 0.5, 16.54, 32.5, 142.0, 0, 0, [], [], 0, 0, 0, [], 1, 0)++
1`(161, 0.5, 38.38, 52.42, 142.0, 0, 0, [], [], 0, 0, 0, [], 1, 0)++
1`(162, 0.5, 39.19, 73.93, 142.0, 0, 0, [], [], 0, 0, 0, [], 1, 0)++
1`(163, 0.5, 4.23, 30.45, 142.0, 0, 0, [], [], 0, 0, 0, [], 1, 0)++
1`(164, 0.5, 51.73, 53.58, 142.0, 0, 0, [], [], 0, 0, 0, [], 1, 0)++
1`(165, 0.5, 50.92, 53.22, 142.0, 0, 0, [], [], 0, 0, 0, [], 1, 0)++
1`(166, 0.5, 17.52, 36.67, 142.0, 0, 0, [], [], 0, 0, 0, [], 1, 0)++
1`(167, 0.5, 39.74, 35.02, 142.0, 0, 0, [], [], 0, 0, 0, [], 1, 0)++
1`(168, 0.5, 1.62, 15.22, 142.0, 0, 0, [], [], 0, 0, 0, [], 1, 0)++
1`(169, 0.5, 99.22, 84.95, 142.0, 0, 0, [], [], 0, 0, 0, [], 1, 0)++
1`(170, 0.5, 71.05, 63.16, 142.0, 0, 0, [], [], 0, 0, 0, [], 1, 0)++
1`(171, 0.5, 26.86, 57.25, 142.0, 0, 0, [], [], 0, 0, 0, [], 1, 0)++
1`(172, 0.5, 76.42, 77.1, 142.0, 0, 0, [], [], 0, 0, 0, [], 1, 0)++
1`(173, 0.5, 76.62, 8.36, 142.0, 0, 0, [], [], 0, 0, 0, [], 1, 0)++
1`(174, 0.5, 10.65, 31.67, 142.0, 0, 0, [], [], 0, 0, 0, [], 1, 0)++
1`(175, 0.5, 49.82, 7.85, 142.0, 0, 0, [], [], 0, 0, 0, [], 1, 0)++
1`(176, 0.5, 15.19, 55.27, 142.0, 0, 0, [], [], 0, 0, 0, [], 1, 0)++
1`(177, 0.5, 76.73, 23.71, 142.0, 0, 0, [], [], 0, 0, 0, [], 1, 0)++
1`(178, 0.5, 50.98, 4.59, 142.0, 0, 0, [], [], 0, 0, 0, [], 1, 0)++
1`(179, 0.5, 15.53, 28.83, 142.0, 0, 0, [], [], 0, 0, 0, [], 1, 0)++
1`(180, 0.5, 22.67, 63.7, 142.0, 0, 0, [], [], 0, 0, 0, [], 1, 0)++
1`(181, 0.5, 31.98, 13.48, 142.0, 0, 0, [], [], 0, 0, 0, [], 1, 0)++
1`(182, 0.5, 27.33, 4.76, 142.0, 0, 0, [], [], 0, 0, 0, [], 1, 0)++
1`(183, 0.5, 66.2, 98.45, 142.0, 0, 0, [], [], 0, 0, 0, [], 1, 0)++
1`(184, 0.5, 20.12, 21.71, 142.0, 0, 0, [], [], 0, 0, 0, [], 1, 0)++
1`(185, 0.5, 56.15, 65.31, 142.0, 0, 0, [], [], 0, 0, 0, [], 1, 0)++
1`(186, 0.5, 76.31, 58.16, 142.0, 0, 0, [], [], 0, 0, 0, [], 1, 0)++
1`(187, 0.5, 75.11, 93.8, 142.0, 0, 0, [], [], 0, 0, 0, [], 1, 0)++
1`(188, 0.5, 90.5, 16.19, 142.0, 0, 0, [], [], 0, 0, 0, [], 1, 0)++
1`(189, 0.5, 31.28, 0.44, 142.0, 0, 0, [], [], 0, 0, 0, [], 1, 0)++
1`(190, 0.5, 32.97, 98.53, 142.0, 0, 0, [], [], 0, 0, 0, [], 1, 0)++
1`(191, 0.5, 5.43, 17.61, 142.0, 0, 0, [], [], 0, 0, 0, [], 1, 0)++
1`(192, 0.5, 86.49, 3.96, 142.0, 0, 0, [], [], 0, 0, 0, [], 1, 0)++
1`(193, 0.5, 90.74, 44.34, 142.0, 0, 0, [], [], 0, 0, 0, [], 1, 0)++
1`(194, 0.5, 12.19, 42.23, 142.0, 0, 0, [], [], 0, 0, 0, [], 1, 0)++
1`(195, 0.5, 76.23, 7.09, 142.0, 0, 0, [], [], 0, 0, 0, [], 1, 0)++
1`(196, 0.5, 24.84, 37.21, 142.0, 0, 0, [], [], 0, 0, 0, [], 1, 0)++
1`(197, 0.5, 39.06, 77.35, 142.0, 0, 0, [], [], 0, 0, 0, [], 1, 0)++
1`(198, 0.5, 87.2, 84.86, 142.0, 0, 0, [], [], 0, 0, 0, [], 1, 0)++
1`(199, 0.5, 20.42, 80.44, 142.0, 0, 0, [], [], 0, 0, 0, [], 1, 0)++
1`(200, 0.5, 27.79, 23.02, 142.0, 0, 0, [], [], 0, 0, 0, [], 1, 0)++
1`(201, 0.5, 47.23, 84.62, 142.0, 0, 0, [], [], 0, 0, 0, [], 1, 0)++
1`(202, 0.5, 87.27, 64.48, 142.0, 0, 0, [], [], 0, 0, 0, [], 1, 0)++
1`(203, 0.5, 89.34, 50.33, 142.0, 0, 0, [], [], 0, 0, 0, [], 1, 0)++
1`(204, 0.5, 2.55, 65.15, 142.0, 0, 0, [], [], 0, 0, 0, [], 1, 0)++
1`(205, 0.5, 34.48, 24.01, 142.0, 0, 0, [], [], 0, 0, 0, [], 1, 0)++
1`(206, 0.5, 52.06, 30.99, 142.0, 0, 0, [], [], 0, 0, 0, [], 1, 0)++
1`(207, 0.5, 34.01, 85.75, 142.0, 0, 0, [], [], 0, 0, 0, [], 1, 0)++
1`(208, 0.5, 66.53, 9.62, 142.0, 0, 0, [], [], 0, 0, 0, [], 1, 0)++
1`(209, 0.5, 87.83, 63.47, 142.0, 0, 0, [], [], 0, 0, 0, [], 1, 0)++
1`(210, 0.5, 9.96, 3.96, 142.0, 0, 0, [], [], 0, 0, 0, [], 1, 0)++
1`(211, 0.5, 17.1, 78.08, 142.0, 0, 0, [], [], 0, 0, 0, [], 1, 0)++
1`(212, 0.5, 77.26, 42.87, 142.0, 0, 0, [], [], 0, 0, 0, [], 1, 0)++
1`(213, 0.5, 20.42, 75.81, 142.0, 0, 0, [], [], 0, 0, 0, [], 1, 0)++
1`(214, 0.5, 33.05, 42.32, 142.0, 0, 0, [], [], 0, 0, 0, [], 1, 0)++
1`(215, 0.5, 34.28, 78.55, 142.0, 0, 0, [], [], 0, 0, 0, [], 1, 0)++
1`(216, 0.5, 1.38, 51.58, 142.0, 0, 0, [], [], 0, 0, 0, [], 1, 0)++
1`(217, 0.5, 29.21, 34.12, 142.0, 0, 0, [], [], 0, 0, 0, [], 1, 0)++
1`(218, 0.5, 45.1, 6.36, 142.0, 0, 0, [], [], 0, 0, 0, [], 1, 0)++
1`(219, 0.5, 94.38, 87.29, 142.0, 0, 0, [], [], 0, 0, 0, [], 1, 0)++
1`(220, 0.5, 32.54, 39.59, 142.0, 0, 0, [], [], 0, 0, 0, [], 1, 0)++
1`(221, 0.5, 30.05, 59.17, 142.0, 0, 0, [], [], 0, 0, 0, [], 1, 0)++
1`(222, 0.5, 63.38, 60.37, 142.0, 0, 0, [], [], 0, 0, 0, [], 1, 0)++
1`(223, 0.5, 74.68, 14.86, 142.0, 0, 0, [], [], 0, 0, 0, [], 1, 0)++
1`(224, 0.5, 72.69, 91.46, 142.0, 0, 0, [], [], 0, 0, 0, [], 1, 0)++
1`(225, 0.5, 82.17, 98.98, 142.0, 0, 0, [], [], 0, 0, 0, [], 1, 0)++
1`(226, 0.5, 18.82, 92.68, 142.0, 0, 0, [], [], 0, 0, 0, [], 1, 0)++
1`(227, 0.5, 20.93, 92.49, 142.0, 0, 0, [], [], 0, 0, 0, [], 1, 0)++
1`(228, 0.5, 2.66, 81.57, 142.0, 0, 0, [], [], 0, 0, 0, [], 1, 0)++
1`(229, 0.5, 79.6, 62.69, 142.0, 0, 0, [], [], 0, 0, 0, [], 1, 0)++
1`(230, 0.5, 38.13, 75.74, 142.0, 0, 0, [], [], 0, 0, 0, [], 1, 0)++
1`(231, 0.5, 87.7, 96.11, 142.0, 0, 0, [], [], 0, 0, 0, [], 1, 0)++
1`(232, 0.5, 45.64, 75.52, 142.0, 0, 0, [], [], 0, 0, 0, [], 1, 0)++
1`(233, 0.5, 7.1, 27.88, 142.0, 0, 0, [], [], 0, 0, 0, [], 1, 0)++
1`(234, 0.5, 52.01, 87.07, 142.0, 0, 0, [], [], 0, 0, 0, [], 1, 0)++
1`(235, 0.5, 16.19, 79.45, 142.0, 0, 0, [], [], 0, 0, 0, [], 1, 0)++
1`(236, 0.5, 72.67, 66.18, 142.0, 0, 0, [], [], 0, 0, 0, [], 1, 0)++
1`(237, 0.5, 47.98, 11.2, 142.0, 0, 0, [], [], 0, 0, 0, [], 1, 0)++
1`(238, 0.5, 52.66, 47.41, 142.0, 0, 0, [], [], 0, 0, 0, [], 1, 0)++
1`(239, 0.5, 92.87, 16.64, 142.0, 0, 0, [], [], 0, 0, 0, [], 1, 0)++
1`(240, 0.5, 98.96, 69.19, 142.0, 0, 0, [], [], 0, 0, 0, [], 1, 0)++
1`(241, 0.5, 44.75, 30.03, 142.0, 0, 0, [], [], 0, 0, 0, [], 1, 0)++
1`(242, 0.5, 5.5, 31.49, 142.0, 0, 0, [], [], 0, 0, 0, [], 1, 0)++
1`(243, 0.5, 54.62, 96.45, 142.0, 0, 0, [], [], 0, 0, 0, [], 1, 0)++
1`(244, 0.5, 63.34, 62.45, 142.0, 0, 0, [], [], 0, 0, 0, [], 1, 0)++
1`(245, 0.5, 9.45, 52.11, 142.0, 0, 0, [], [], 0, 0, 0, [], 1, 0)++
1`(246, 0.5, 57.1, 74.39, 142.0, 0, 0, [], [], 0, 0, 0, [], 1, 0)++
1`(247, 0.5, 71.34, 51.62, 142.0, 0, 0, [], [], 0, 0, 0, [], 1, 0)++
1`(248, 0.5, 38.07, 40.75, 142.0, 0, 0, [], [], 0, 0, 0, [], 1, 0)++
1`(249, 0.5, 61.02, 11.52, 142.0, 0, 0, [], [], 0, 0, 0, [], 1, 0)++
1`(250, 0.5, 97.95, 64.34, 142.0, 0, 0, [], [], 0, 0, 0, [], 1, 0)
