1`(1, 0.5, 16.21, 55.37, 142.0, 0, 0, [], [], 0, 0, 0, [], 1, 0)++
1`(2, 0.5, 10.15, 3.04, 142.0, 0, 0, [], [], 0, 0, 0, [], 1, 0)++
1`(3, 0.5, 12.51, 33.46, 142.0, 0, 0, [], [], 0, 0, 0, [], 1, 0)++
1`(4, 0.5, 88.15, 71.82, 142.0, 0, 0, [], [], 0, 0, 0, [], 1, 0)++
1`(5, 0.5, 57.63, 74.12, 142.0, 0, 0, [], [], 0, 0, 0, [], 1, 0)++
1`(6, 0.5, 98.67, 48.44, 142.0, 0, 0, [], [], 0, 0, 0, [], 1, 0)++
1`(7, 0.5, 17.45, 53.07, 142.0, 0, 0, [], [], 0, 0, 0, [], 1, 0)++
1`(8, 0.5, 41.8, 59.53, 142.0, 0, 0, [], [], 0, 0, 0, [], 1, 0)++
1`(9, 0.5, 95.89, 94.63, 142.0, 0, 0, [], [], 0, 0, 0, [], 1, 0)++
1`(10, 0.5, 98.65, 16.68, 142.0, 0, 0, [], [], 0, 0, 0, [], 1, 0)++
1`(11, 0.5, 81.17, 19.47, 142.0, 0, 0, [], [], 0, 0, 0, [], 1, 0)++
1`(12, 0.5, 6.19, 28.63, 142.0, 0, 0, [], [], 0, 0, 0, [], 1, 0)++
1`(13, 0.5, 37.1, 64.02, 142.0, 0, 0, [], [], 0, 0, 0, [], 1, 0)++
1`(14, 0.5, 82.72, 19.69, 142.0, 0, 0, [], [], 0, 0, 0, [], 1, 0)++
1`(15, 0.5, 40.11, 81.19, 142.0, 0, 0, [], [], 0, 0, 0, [], 1, 0)++
1`(16, 0.5, 34.13, 65.76, 142.0, 0, 0, [], [], 0, 0, 0, [], 1, 0)++
1`(17, 0.5, 92.13, 89.14, 142.0, 0, 0, [], [], 0, 0, 0, [], 1, 0)++
1`(18, 0.5, 74.6, 19.76, 142.0, 0, 0, [], [], 0, 0, 0, [], 1, 0)++
1`(19, 0.5, 0.65, 40.79, 142.0, 0, 0, [], [], 0, 0, 0, [], 1, 0)++
1`(20, 0.5, 30.2, 29.27, 142.0, 0, 0, [], [], 0, 0, 0, [], 1, 0)++
1`(21, 0.5, 31.68, 16.46, 142.0, 0, 0, [], [], 0, 0, 0, [], 1, 0)++
1`(22, 0.5, 39.12, 19.95, 142.0, 0, 0, [], [], 0, 0, 0, [], 1, 0)++
1`(23, 0.5, 14.36, 80.08, 142.0, 0, 0, [], [], 0, 0, 0, [], 1, 0)++
1`(24, 0.5, 30.86, 25.92, 142.0, 0, 0, [], [], 0, 0, 0, [], 1, 0)++
1`(25, 0.5, 10.69, 96.65, 142.0, 0, 0, [], [], 0, 0, 0, [], 1, 0)++
1`(26, 0.5, 63.86, 13.68, 142.0, 0, 0, [], [], 0, 0, 0, [], 1, 0)++
1`(27, 0.5, 10.02, 32.61, 142.0, 0, 0, [], [], 0, 0, 0, [], 1, 0)++
1`(28, 0.5, 1.5, 43.52, 142.0, 0, 0, [], [], 0, 0, 0, [], 1, 0)++
1`(29, 0.5, 42.27, 61.4, 142.0, 0, 0, [], [], 0, 0, 0, [], 1, 0)++
1`(30, 0.5, 82.02, 73.57, 142.0, 0, 0, [], [], 0, 0, 0, [], 1, 0)++
1`(31, 0.5, 60.49, 47.13, 142.0, 0, 0, [], [], 0, 0, 0, [], 1, 0)++
1`(32, 0.5, 55.25, 31.65, 142.0, 0, 0, [], [], 0, 0, 0, [], 1, 0)++
1`(33, 0.5, 78.81, 67.13, 142.0, 0, 0, [], [], 0, 0, 0, [], 1, 0)++
1`(34, 0.5, 21.75, 19.32, 142.0, 0, 0, [], [], 0, 0, 0, [], 1, 0)++
1`(35, 0.5, 7.67, 7.15, 142.0, 0, 0, [], [], 0, 0, 0, [], 1, 0)++
1`(36, 0.5, 19.24, 74.25, 142.0, 0, 0, [], [], 0, 0, 0, [], 1, 0)++
1`(37, 0.5, 5.5, 1.15, 142.0, 0, 0, [], [], 0, 0, 0, [], 1, 0)++
1`(38, 0.5, 74.44, 6.21, 142.0, 0, 0, [], [], 0, 0, 0, [], 1, 0)++
1`(39, 0.5, 93.07, 87.92, 142.0, 0, 0, [], [], 0, 0, 0, [], 1, 0)++
1`(40, 0.5, 77.75, 46.85, 142.0, 0, 0, [], [], 0, 0, 0, [], 1, 0)++
1`(41, 0.5, 79.84, 88.97, 142.0, 0, 0, [], [], 0, 0, 0, [], 1, 0)++
1`(42, 0.5, 90.72, 81.35, 142.0, 0, 0, [], [], 0, 0, 0, [], 1, 0)++
1`(43, 0.5, 17.55, 8.4, 142.0, 0, 0, [], [], 0, 0, 0, [], 1, 0)++
1`(44, 0.5, 44.44, 3.39, 142.0, 0, 0, [], [], 0, 0, 0, [], 1, 0)++
1`(45, 0.5, 67.08, 2.26, 142.0, 0, 0, [], [], 0, 0, 0, [], 1, 0)++
1`(46, 0.5, 76.04, 68.93, 142.0, 0, 0, [], [], 0, 0, 0, [], 1, 0)++
1`(47, 0.5, 53.24, 82.5, 142.0, 0, 0, [], [], 0, 0, 0, [], 1, 0)++
1`(48, 0.5, 86.75, 58.96, 142.0, 0, 0, [], [], 0, 0, 0, [], 1, 0)++
1`(49, 0.5, 85.41, 55.21, 142.0, 0, 0, [], [], 0, 0, 0, [], 1, 0)++
1`(50, 0.5, 53.63, 97.27, 142.0, 0, 0, [], [], 0, 0, 0, [], 1, 0)++
1`(51, 0.5, 59.16, 2.96, 142.0, 0, 0, [], [], 0, 0, 0, [], 1, 0)++
1`(52, 0.5, 61.89, 28.27, 142.0, 0, 0, [], [], 0, 0, 0, [], 1, 0)++
1`(53, 0.5, 60.21, 84.03, 142.0, 0, 0, [], [], 0, 0, 0, [], 1, 0)++
1`(54, 0.5, 95.0, 3.46, 142.0, 0, 0, [], [], 0, 0, 0, [], 1, 0)++
1`(55, 0.5, 28.15, 71.49, 142.0, 0, 0, [], [], 0, 0, 0, [], 1, 0)++
1`(56, 0.5, 81.07, 59.08, 142.0, 0, 0, [], [], 0, 0, 0, [], 1, 0)++
1`(57, 0.5, 16.64, 1.61, 142.0, 0, 0, [], [], 0, 0, 0, [], 1, 0)++
1`(58, 0.5, 0.73, 78.06, 142.0, 0, 0, [], [], 0, 0, 0, [], 1, 0)++
1`(59, 0.5, 19.57, 25.66, 142.0, 0, 0, [], [], 0, 0, 0, [], 1, 0)++
1`(60, 0.5, 97.02, 67.39, 142.0, 0, 0, [], [], 0, 0, 0, [], 1, 0)++
1`(61, 0.5, 28.68, 62.52, 142.0, 0, 0, [], [], 0, 0, 0, [], 1, 0)++
1`(62, 0.5, 65.4, 43.82, 142.0, 0, 0, [], [], 0, 0, 0, [], 1, 0)++
1`(63, 0.5, 12.42, 46.18, 142.0, 0, 0, [], [], 0, 0, 0, [], 1, 0)++
1`(64, 0.5, 10.47, 16.64, 142.0, 0, 0, [], [], 0, 0, 0, [], 1, 0)++
1`(65, 0.5, 95.34, 5.55, 142.0, 0, 0, [], [], 0, 0, 0, [], 1, 0)++
1`(66, 0.5, 70.04, 50.64, 142.0, 0, 0, [], [], 0, 0, 0, [], 1, 0)++
1`(67, 0.5, 71.58, 52.16, 142.0, 0, 0, [], [], 0, 0, 0, [], 1, 0)++
1`(68, 0.5, 19.21, 23.44, 142.0, 0, 0, [], [], 0, 0, 0, [], 1, 0)++
1`(69, 0.5, 58.48, 47.65, 142.0, 0, 0, [], [], 0, 0, 0, [], 1, 0)++
1`(70, 0.5, 89.01, 7.93, 142.0, 0, 0, [], [], 0, 0, 0, [], 1, 0)++
1`(71, 0.5, 65.01, 16.49, 142.0, 0, 0, [], [], 0, 0, 0, [], 1, 0)++
1`(72, 0.5, 62.38, 18.18, 142.0, 0, 0, [], [], 0, 0, 0, [], 1, 0)++
1`(73, 0.5, 99.47, 64.57, 142.0, 0, 0, [], [], 0, 0, 0, [], 1, 0)++
1`(74, 0.5, 72.58, 71.86, 142.0, 0, 0, [], [], 0, 0, 0, [], 1, 0)++
1`(75, 0.5, 43.3, 73.23, 142.0, 0, 0, [], [], 0, 0, 0, [], 1, 0)++
1`(76, 0.5, 96.02, 99.45, 142.0, 0, 0, [], [], 0, 0, 0, [], 1, 0)++
1`(77, 0.5, 77.81, 21.01, 142.0, 0, 0, [], [], 0, 0, 0, [], 1, 0)++
1`(78, 0.5, 76.82, 18.08, 142.0, 0, 0, [], [], 0, 0, 0, [], 1, 0)++
1`(79, 0.5, 41.38, 7.59, 142.0, 0, 0, [], [], 0, 0, 0, [], 1, 0)++
1`(80, 0.5, 78.27, 66.44, 142.0, 0, 0, [], [], 0, 0, 0, [], 1, 0)++
1`(81, 0.5, 76.61, 8.85, 142.0, 0, 0, [], [], 0, 0, 0, [], 1, 0)++
1`(82, 0.5, 6.66, 91.42, 142.0, 0, 0, [], [], 0, 0, 0, [], 1, 0)++
1`(83, 0.5, 82.82, 93.45, 142.0, 0, 0, [], [], 0, 0, 0, [], 1, 0)++
1`(84, 0.5, 66.23, 93.84, 142.0, 0, 0, [], [], 0, 0, 0, [], 1, 0)++
1`(85, 0.5, 68.42, 58.99, 142.0, 0, 0, [], [], 0, 0, 0, [], 1, 0)++
1`(86, 0.5, 35.22, 57.09, 142.0, 0, 0, [], [], 0, 0, 0, [], 1, 0)++
1`(87, 0.5, 36.42, 74.08, 142.0, 0, 0, [], [], 0, 0, 0, [], 1, 0)++
1`(88, 0.5, 49.61, 31.46, 142.0, 0, 0, [], [], 0, 0, 0, [], 1, 0)++
1`(89, 0.5, 60.45, 75.09, 142.0, 0, 0, [], [], 0, 0, 0, [], 1, 0)++
1`(90, 0.5, 15.84, 69.54, 142.0, 0, 0, [], [], 0, 0, 0, [], 1, 0)++
1`(91, 0.5, 25.9, 4.46, 142.0, 0, 0, [], [], 0, 0, 0, [], 1, 0)++
1`(92, 0.5, 37.17, 21.51, 142.0, 0, 0, [], [], 0, 0, 0, [], 1, 0)++
1`(93, 0.5, 10.07, 52.68, 142.0, 0, 0, [], [], 0, 0, 0, [], 1, 0)++
1`(94, 0.5, 28.74, 2.42, 142.0, 0, 0, [], [], 0, 0, 0, [], 1, 0)++
1`(95, 0.5, 42.93, 77.47, 142.0, 0, 0, [], [], 0, 0, 0, [], 1, 0)++
1`(96, 0.5, 19.13, 31.35, 142.0, 0, 0, [], [], 0, 0, 0, [], 1, 0)++
1`(97, 0.5, 76.54, 44.27, 142.0, 0, 0, [], [], 0, 0, 0, [], 1, 0)++
1`(98, 0.5, 91.92, 72.72, 142.0, 0, 0, [], [], 0, 0, 0, [], 1, 0)++
1`(99, 0.5, 85.13, 92.82, 142.0, 0, 0, [], [], 0, 0, 0, [], 1, 0)++
1`(100, 0.5, 76.36, 98.27, 142.0, 0, 0, [], [], 0, 0, 0, [], 1, 0)++
1`(101, 0.5, 24.67, 29.68, 142.0, 0, 0, [], [], 0, 0, 0, [], 1, 0)++
1`(102, 0.5, 46.64, 5.86, 142.0, 0, 0, [], [], 0, 0, 0, [], 1, 0)++
1`(103, 0.5, 69.59, 87.37, 142.0, 0, 0, [], [], 0, 0, 0, [], 1, 0)++
1`(104, 0.5, 59.82, 46.48, 142.0, 0, 0, [], [], 0, 0, 0, [], 1, 0)++
1`(105, 0.5, 67.83, 82.0, 142.0, 0, 0, [], [], 0, 0, 0, [], 1, 0)++
1`(106, 0.5, 10.8, 53.28, 142.0, 0, 0, [], [], 0, 0, 0, [], 1, 0)++
1`(107, 0.5, 16.74, 90.1, 142.0, 0, 0, [], [], 0, 0, 0, [], 1, 0)++
1`(108, 0.5, 54.5, 98.95, 142.0, 0, 0, [], [], 0, 0, 0, [], 1, 0)++
1`(109, 0.5, 67.19, 26.19, 142.0, 0, 0, [], [], 0, 0, 0, [], 1, 0)++
1`(110, 0.5, 64.46, 8.63, 142.0, 0, 0, [], [], 0, 0, 0, [], 1, 0)++
1`(111, 0.5, 35.93, 38.17, 142.0, 0, 0, [], [], 0, 0, 0, [], 1, 0)++
1`(112, 0.5, 5.55, 15.64, 142.0, 0, 0, [], [], 0, 0, 0, [], 1, 0)++
1`(113, 0.5, 13.43, 10.91, 142.0, 0, 0, [], [], 0, 0, 0, [], 1, 0)++
1`(114, 0.5, 52.74, 87.59, 142.0, 0, 0, [], [], 0, 0, 0, [], 1, 0)++
1`(115, 0.5, 32.32, 42.53, 142.0, 0, 0, [], [], 0, 0, 0, [], 1, 0)++
1`(116, 0.5, 61.22, 5.37, 142.0, 0, 0, [], [], 0, 0, 0, [], 1, 0)++
1`(117, 0.5, 66.48, 47.04, 142.0, 0, 0, [], [], 0, 0, 0, [], 1, 0)++
1`(118, 0.5, 56.62, 9.94, 142.0, 0, 0, [], [], 0, 0, 0, [], 1, 0)++
1`(119, 0.5, 66.61, 85.36, 142.0, 0, 0, [], [], 0, 0, 0, [], 1, 0)++
1`(120, 0.5, 37.74, 97.53, 142.0, 0, 0, [], [], 0, 0, 0, [], 1, 0)++
1`(121, 0.5, 48.5, 85.76, 142.0, 0, 0, [], [], 0, 0, 0, [], 1, 0)++
1`(122, 0.5, 30.84, 81.42, 142.0, 0, 0, [], [], 0, 0, 0, [], 1, 0)++
1`(123, 0.5, 94.99, 19.19, 142.0, 0, 0, [], [], 0, 0, 0, [], 1, 0)++
1`(124, 0.5, 86.3, 29.67, 142.0, 0, 0, [], [], 0, 0, 0, [], 1, 0)++
1`(125, 0.5, 16.26, 59.07, 142.0, 0, 0, [], [], 0, 0, 0, [], 1, 0)++
1`(126, 0.5, 54.82, 30.65, 142.0, 0, 0, [], [], 0, 0, 0, [], 1, 0)++
1`(127, 0.5, 61.11, 26.5, 142.0, 0, 0, [], [], 0, 0, 0, [], 1, 0)++
1`(128, 0.5, 67.51, 30.81, 142.0, 0, 0, [], [], 0, 0, 0, [], 1, 0)++
1`(129, 0.5, 82.62, 57.83, 142.0, 0, 0, [], [], 0, 0, 0, [], 1, 0)++
1`(130, 0.5, 65.0, 30.27, 142.0, 0, 0, [], [], 0, 0, 0, [], 1, 0)++
1`(131, 0.5, 98.14, 40.05, 142.0, 0, 0, [], [], 0, 0, 0, [], 1, 0)++
1`(132, 0.5, 5.52, 39.09, 142.0, 0, 0, [], [], 0, 0, 0, [], 1, 0)++
1`(133, 0.5, 89.55, 70.16, 142.0, 0, 0, [], [], 0, 0, 0, [], 1, 0)++
1`(134, 0.5, 14.56, 56.36, 142.0, 0, 0, [], [], 0, 0, 0, [], 1, 0)++
1`(135, 0.5, 0.64, 48.68, 142.0, 0, 0, [], [], 0, 0, 0, [], 1, 0)++
1`(136, 0.5, 74.68, 29.58, 142.0, 0, 0, [], [], 0, 0, 0, [], 1, 0)++
1`(137, 0.5, 37.02, 60.74, 142.0, 0, 0, [], [], 0, 0, 0, [], 1, 0)++
1`(138, 0.5, 14.42, 97.96, 142.0, 0, 0, [], [], 0, 0, 0, [], 1, 0)++
1`(139, 0.5, 62.1, 30.66, 142.0, 0, 0, [], [], 0, 0, 0, [], 1, 0)++
1`(140, 0.5, 39.13, 30.57, 142.0, 0, 0, [], [], 0, 0, 0, [], 1, 0)++
1`(141, 0.5, 40.32, 86.1, 142.0, 0, 0, [], [], 0, 0, 0, [], 1, 0)++
1`(142, 0.5, 33.26, 51.91, 142.0, 0, 0, [], [], 0, 0, 0, [], 1, 0)++
1`(143, 0.5, 19.44, 73.76, 142.0, 0, 0, [], [], 0, 0, 0, [], 1, 0)++
1`(144, 0.5, 48.48, 6.12, 142.0, 0, 0, [], [], 0, 0, 0, [], 1, 0)++
1`(145, 0.5, 99.73, 54.13, 142.0, 0, 0, [], [], 0, 0, 0, [], 1, 0)++
1`(146, 0.5, 89.13, 18.57, 142.0, 0, 0, [], [], 0, 0, 0, [], 1, 0)++
1`(147, 0.5, 98.82, 44.15, 142.0, 0, 0, [], [], 0, 0, 0, [], 1, 0)++
1`(148, 0.5, 3.81, 7.52, 142.0, 0, 0, [], [], 0, 0, 0, [], 1, 0)++
1`(149, 0.5, 27.47, 5.14, 142.0, 0, 0, [], [], 0, 0, 0, [], 1, 0)++
1`(150, 0.5, 5.38, 47.85, 142.0, 0, 0, [], [], 0, 0, 0, [], 1, 0)++
1`(151, 0.5, 67.77, 33.71, 142.0, 0, 0, [], [], 0, 0, 0, [], 1, 0)++
1`(152, 0.5, 38.63, 16.02, 142.0, 0, 0, [], [], 0, 0, 0, [], 1, 0)++
1`(153, 0.5, 86.32, 38.35, 142.0, 0, 0, [], [], 0, 0, 0, [], 1, 0)++
1`(154, 0.5, 67.76, 40.14, 142.0, 0, 0, [], [], 0, 0, 0, [], 1, 0)++
1`(155, 0.5, 58.7, 65.24, 142.0, 0, 0, [], [], 0, 0, 0, [], 1, 0)++
1`(156, 0.5, 31.35, 23.45, 142.0, 0, 0, [], [], 0, 0, 0, [], 1, 0)++
1`(157, 0.5, 69.21, 90.75, 142.0, 0, 0, [], [], 0, 0, 0, [], 1, 0)++
1`(158, 0.5, 90.98, 33.05, 142.0, 0, 0, [], [], 0, 0, 0, [], 1, 0)++
1`(159, 0.5, 16.64, 7.88, 142.0, 0, 0, [], [], 0, 0, 0, [], 1, 0)++
1`(160, 0.5, 31.27, 90.75, 142.0, 0, 0, [], [], 0, 0, 0, [], 1, 0)++
1`(161, 0.5, 20.77, 86.53, 142.0, 0, 0, [], [], 0, 0, 0, [], 1, 0)++
1`(162, 0.5, 77.98, 19.67, 142.0, 0, 0, [], [], 0, 0, 0, [], 1, 0)++
1`(163, 0.5, 36.12, 21.81, 142.0, 0, 0, [], [], 0, 0, 0, [], 1, 0)++
1`(164, 0.5, 39.09, 7.71, 142.0, 0, 0, [], [], 0, 0, 0, [], 1, 0)++
1`(165, 0.5, 76.2, 37.53, 142.0, 0, 0, [], [], 0, 0, 0, [], 1, 0)++
1`(166, 0.5, 51.36, 5.45, 142.0, 0, 0, [], [], 0, 0, 0, [], 1, 0)++
1`(167, 0.5, 53.25, 4.7, 142.0, 0, 0, [], [], 0, 0, 0, [], 1, 0)++
1`(168, 0.5, 60.19, 63.14, 142.0, 0, 0, [], [], 0, 0, 0, [], 1, 0)++
1`(169, 0.5, 23.31, 79.4, 142.0, 0, 0, [], [], 0, 0, 0, [], 1, 0)++
1`(170, 0.5, 84.84, 43.34, 142.0, 0, 0, [], [], 0, 0, 0, [], 1, 0)++
1`(171, 0.5, 88.4, 33.96, 142.0, 0, 0, [], [], 0, 0, 0, [], 1, 0)++
1`(172, 0.5, 41.28, 69.18, 142.0, 0, 0, [], [], 0, 0, 0, [], 1, 0)++
1`(173, 0.5, 31.45, 31.94, 142.0, 0, 0, [], [], 0, 0, 0, [], 1, 0)++
1`(174, 0.5, 16.71, 84.51, 142.0, 0, 0, [], [], 0, 0, 0, [], 1, 0)++
1`(175, 0.5, 42.01, 89.52, 142.0, 0, 0, [], [], 0, 0, 0, [], 1, 0)++
1`(176, 0.5, 56.95, 86.2, 142.0, 0, 0, [], [], 0, 0, 0, [], 1, 0)++
1`(177, 0.5, 32.7, 99.2, 142.0, 0, 0, [], [], 0, 0, 0, [], 1, 0)++
1`(178, 0.5, 64.07, 84.61, 142.0, 0, 0, [], [], 0, 0, 0, [], 1, 0)++
1`(179, 0.5, 63.79, 19.39, 142.0, 0, 0, [], [], 0, 0, 0, [], 1, 0)++
1`(180, 0.5, 46.52, 74.93, 142.0, 0, 0, [], [], 0, 0, 0, [], 1, 0)++
1`(181, 0.5, 87.94, 49.25, 142.0, 0, 0, [], [], 0, 0, 0, [], 1, 0)++
1`(182, 0.5, 37.38, 35.39, 142.0, 0, 0, [], [], 0, 0, 0, [], 1, 0)++
1`(183, 0.5, 61.3, 1.93, 142.0, 0, 0, [], [], 0, 0, 0, [], 1, 0)++
1`(184, 0.5, 91.13, 67.18, 142.0, 0, 0, [], [], 0, 0, 0, [], 1, 0)++
1`(185, 0.5, 11.78, 50.41, 142.0, 0, 0, [], [], 0, 0, 0, [], 1, 0)++
1`(186, 0.5, 58.68, 3.77, 142.0, 0, 0, [], [], 0, 0, 0, [], 1, 0)++
1`(187, 0.5, 26.31, 54.51, 142.0, 0, 0, [], [], 0, 0, 0, [], 1, 0)++
1`(188, 0.5, 60.8, 60.26, 142.0, 0, 0, [], [], 0, 0, 0, [], 1, 0)++
1`(189, 0.5, 51.5, 78.91, 142.0, 0, 0, [], [], 0, 0, 0, [], 1, 0)++
1`(190, 0.5, 27.2, 79.46, 142.0, 0, 0, [], [], 0, 0, 0, [], 1, 0)++
1`(191, 0.5, 43.69, 8.09, 142.0, 0, 0, [], [], 0, 0, 0, [], 1, 0)++
1`(192, 0.5, 59.9, 15.43, 142.0, 0, 0, [], [], 0, 0, 0, [], 1, 0)++
1`(193, 0.5, 5.81, 76.42, 142.0, 0, 0, [], [], 0, 0, 0, [], 1, 0)++
1`(194, 0.5, 36.53, 91.01, 142.0, 0, 0, [], [], 0, 0, 0, [], 1, 0)++
1`(195, 0.5, 72.09, 41.09, 142.0, 0, 0, [], [], 0, 0, 0, [], 1, 0)++
1`(196, 0.5, 67.85, 60.91, 142.0, 0, 0, [], [], 0, 0, 0, [], 1, 0)++
1`(197, 0.5, 34.07, 84.13, 142.0, 0, 0, [], [], 0, 0, 0, [], 1, 0)++
1`(198, 0.5, 60.38, 32.82, 142.0, 0, 0, [], [], 0, 0, 0, [], 1, 0)++
1`(199, 0.5, 50.67, 9.91, 142.0, 0, 0, [], [], 0, 0, 0, [], 1, 0)++
1`(200, 0.5, 3.61, 25.17, 142.0, 0, 0, [], [], 0, 0, 0, [], 1, 0)++
1`(201, 0.5, 65.33, 9.59, 142.0, 0, 0, [], [], 0, 0, 0, [], 1, 0)++
1`(202, 0.5, 52.93, 48.89, 142.0, 0, 0, [], [], 0, 0, 0, [], 1, 0)++
1`(203, 0.5, 25.9, 84.48, 142.0, 0, 0, [], [], 0, 0, 0, [], 1, 0)++
1`(204, 0.5, 99.83, 78.04, 142.0, 0, 0, [], [], 0, 0, 0, [], 1, 0)++
1`(205, 0.5, 50.61, 6.41, 142.0, 0, 0, [], [], 0, 0, 0, [], 1, 0)++
1`(206, 0.5, 15.91, 51.4, 142.0, 0, 0, [], [], 0, 0, 0, [], 1, 0)++
1`(207, 0.5, 93.0, 81.74, 142.0, 0, 0, [], [], 0, 0, 0, [], 1, 0)++
1`(208, 0.5, 93.24, 81.29, 142.0, 0, 0, [], [], 0, 0, 0, [], 1, 0)++
1`(209, 0.5, 80.38, 66.97, 142.0, 0, 0, [], [], 0, 0, 0, [], 1, 0)++
1`(210, 0.5, 79.44, 24.39, 142.0, 0, 0, [], [], 0, 0, 0, [], 1, 0)++
1`(211, 0.5, 88.83, 33.26, 142.0, 0, 0, [], [], 0, 0, 0, [], 1, 0)++
1`(212, 0.5, 5.64, 40.78, 142.0, 0, 0, [], [], 0, 0, 0, [], 1, 0)++
1`(213, 0.5, 90.36, 25.5, 142.0, 0, 0, [], [], 0, 0, 0, [], 1, 0)++
1`(214, 0.5, 78.09, 3.93, 142.0, 0, 0, [], [], 0, 0, 0, [], 1, 0)++
1`(215, 0.5, 14.82, 44.28, 142.0, 0, 0, [], [], 0, 0, 0, [], 1, 0)++
1`(216, 0.5, 96.84, 16.87, 142.0, 0, 0, [], [], 0, 0, 0, [], 1, 0)++
1`(217, 0.5, 6.2, 61.97, 142.0, 0, 0, [], [], 0, 0, 0, [], 1, 0)++
1`(218, 0.5, 93.3, 56.18, 142.0, 0, 0, [], [], 0, 0, 0, [], 1, 0)++
1`(219, 0.5, 49.39, 45.7, 142.0, 0, 0, [], [], 0, 0, 0, [], 1, 0)++
1`(220, 0.5, 16.46, 94.31, 142.0, 0, 0, [], [], 0, 0, 0, [], 1, 0)++
1`(221, 0.5, 42.91, 73.3, 142.0, 0, 0, [], [], 0, 0, 0, [], 1, 0)++
1`(222, 0.5, 40.84, 78.34, 142.0, 0, 0, [], [], 0, 0, 0, [], 1, 0)++
1`(223, 0.5, 71.95, 21.72, 142.0, 0, 0, [], [], 0, 0, 0, [], 1, 0)++
1`(224, 0.5, 42.5, 72.27, 142.0, 0, 0, [], [], 0, 0, 0, [], 1, 0)++
1`(225, 0.5, 84.14, 74.47, 142.0, 0, 0, [], [], 0, 0, 0, [], 1, 0)++
1`(226, 0.5, 77.43, 56.09, 142.0, 0, 0, [], [], 0, 0, 0, [], 1, 0)++
1`(227, 0.5, 80.21, 19.6, 142.0, 0, 0, [], [], 0, 0, 0, [], 1, 0)++
1`(228, 0.5, 63.48, 87.12, 142.0, 0, 0, [], [], 0, 0, 0, [], 1, 0)++
1`(229, 0.5, 91.54, 36.33, 142.0, 0, 0, [], [], 0, 0, 0, [], 1, 0)++
1`(230, 0.5, 63.38, 15.78, 142.0, 0, 0, [], [], 0, 0, 0, [], 1, 0)++
1`(231, 0.5, 93.17, 84.83, 142.0, 0, 0, [], [], 0, 0, 0, [], 1, 0)++
1`(232, 0.5, 13.01, 94.82, 142.0, 0, 0, [], [], 0, 0, 0, [], 1, 0)++
1`(233, 0.5, 96.74, 66.09, 142.0, 0, 0, [], [], 0, 0, 0, [], 1, 0)++
1`(234, 0.5, 97.2, 34.57, 142.0, 0, 0, [], [], 0, 0, 0, [], 1, 0)++
1`(235, 0.5, 4.1, 17.12, 142.0, 0, 0, [], [], 0, 0, 0, [], 1, 0)++
1`(236, 0.5, 72.2, 38.07, 142.0, 0, 0, [], [], 0, 0, 0, [], 1, 0)++
1`(237, 0.5, 37.64, 50.44, 142.0, 0, 0, [], [], 0, 0, 0, [], 1, 0)++
1`(238, 0.5, 18.62, 85.66, 142.0, 0, 0, [], [], 0, 0, 0, [], 1, 0)++
1`(239, 0.5, 39.73, 42.9, 142.0, 0, 0, [], [], 0, 0, 0, [], 1, 0)++
1`(240, 0.5, 22.55, 45.33, 142.0, 0, 0, [], [], 0, 0, 0, [], 1, 0)++
1`(241, 0.5, 85.15, 17.31, 142.0, 0, 0, [], [], 0, 0, 0, [], 1, 0)++
1`(242, 0.5, 11.7, 43.2, 142.0, 0, 0, [], [], 0, 0, 0, [], 1, 0)++
1`(243, 0.5, 73.44, 47.78, 142.0, 0, 0, [], [], 0, 0, 0, [], 1, 0)++
1`(244, 0.5, 98.4, 63.18, 142.0, 0, 0, [], [], 0, 0, 0, [], 1, 0)++
1`(245, 0.5, 40.93, 79.52, 142.0, 0, 0, [], [], 0, 0, 0, [], 1, 0)++
1`(246, 0.5, 39.98, 42.2, 142.0, 0, 0, [], [], 0, 0, 0, [], 1, 0)++
1`(247, 0.5, 79.42, 24.27, 142.0, 0, 0, [], [], 0, 0, 0, [], 1, 0)++
1`(248, 0.5, 67.16, 11.73, 142.0, 0, 0, [], [], 0, 0, 0, [], 1, 0)++
1`(249, 0.5, 96.87, 74.14, 142.0, 0, 0, [], [], 0, 0, 0, [], 1, 0)++
1`(250, 0.5, 75.0, 52.86, 142.0, 0, 0, [], [], 0, 0, 0, [], 1, 0)
