1`(1, 0.5, 21.76, 53.78, 142.0, 0, 0, [], [], 0, 0, 0, [], 1, 0)++
1`(2, 0.5, 0.16, 50.45, 142.0, 0, 0, [], [], 0, 0, 0, [], 1, 0)++
1`(3, 0.5, 60.33, 90.51, 142.0, 0, 0, [], [], 0, 0, 0, [], 1, 0)++
1`(4, 0.5, 12.52, 9.69, 142.0, 0, 0, [], [], 0, 0, 0, [], 1, 0)++
1`(5, 0.5, 23.96, 88.64, 142.0, 0, 0, [], [], 0, 0, 0, [], 1, 0)++
1`(6, 0.5, 93.23, 55.38, 142.0, 0, 0, [], [], 0, 0, 0, [], 1, 0)++
1`(7, 0.5, 47.66, 54.74, 142.0, 0, 0, [], [], 0, 0, 0, [], 1, 0)++
1`(8, 0.5, 53.4, 66.37, 142.0, 0, 0, [], [], 0, 0, 0, [], 1, 0)++
1`(9, 0.5, 52.83, 74.46, 142.0, 0, 0, [], [], 0, 0, 0, [], 1, 0)++
1`(10, 0.5, 21.12, 64.86, 142.0, 0, 0, [], [], 0, 0, 0, [], 1, 0)++
1`(11, 0.5, 94.66, 4.14, 142.0, 0, 0, [], [], 0, 0, 0, [], 1, 0)++
1`(12, 0.5, 92.51, 29.58, 142.0, 0, 0, [], [], 0, 0, 0, [], 1, 0)++
1`(13, 0.5, 48.97, 29.65, 142.0, 0, 0, [], [], 0, 0, 0, [], 1, 0)++
1`(14, 0.5, 60.42, 80.97, 142.0, 0, 0, [], [], 0, 0, 0, [], 1, 0)++
1`(15, 0.5, 27.72, 97.02, 142.0, 0, 0, [], [], 0, 0, 0, [], 1, 0)++
1`(16, 0.5, 78.01, 35.88, 142.0, 0, 0, [], [], 0, 0, 0, [], 1, 0)++
1`(17, 0.5, 54.8, 82.7, 142.0, 0, 0, [], [], 0, 0, 0, [], 1, 0)++
1`(18, 0.5, 69.12, 14.11, 142.0, 0, 0, [], [], 0, 0, 0, [], 1, 0)++
1`(19, 0.5, 51.24, 42.71, 142.0, 0, 0, [], [], 0, 0, 0, [], 1, 0)++
1`(20, 0.5, 50.92, 24.47, 142.0, 0, 0, [], [], 0, 0, 0, [], 1, 0)++
1`(21, 0.5, 64.24, 56.29, 142.0, 0, 0, [], [], 0, 0, 0, [], 1, 0)++
1`(22, 0.5, 11.48, 16.35, 142.0, 0, 0, [], [], 0, 0, 0, [], 1, 0)++
1`(23, 0.5, 58.94, 27.32, 142.0, 0, 0, [], [], 0, 0, 0, [], 1, 0)++
1`(24, 0.5, 31.5, 18.04, 142.0, 0, 0, [], [], 0, 0, 0, [], 1, 0)++
1`(25, 0.5, 75.54, 37.78, 142.0, 0, 0, [], [], 0, 0, 0, [], 1, 0)++
1`(26, 0.5, 9.77, 79.1, 142.0, 0, 0, [], [], 0, 0, 0, [], 1, 0)++
1`(27, 0.5, 75.91, 36.48, 142.0, 0, 0, [], [], 0, 0, 0, [], 1, 0)++
1`(28, 0.5, 65.76, 76.48, 142.0, 0, 0, [], [], 0, 0, 0, [], 1, 0)++
1`(29, 0.5, 41.1, 79.09, 142.0, 0, 0, [], [], 0, 0, 0, [], 1, 0)++
1`(30, 0.5, 19.14, 99.28, 142.0, 0, 0, [], [], 0, 0, 0, [], 1, 0)++
1`(31, 0.5, 76.02, 55.52, 142.0, 0, 0, [], [], 0, 0, 0, [], 1, 0)++
1`(32, 0.5, 66.08, 93.26, 142.0, 0, 0, [], [], 0, 0, 0, [], 1, 0)++
1`(33, 0.5, 13.66, 14.13, 142.0, 0, 0, [], [], 0, 0, 0, [], 1, 0)++
1`(34, 0.5, 39.75, 81.45, 142.0, 0, 0, [], [], 0, 0, 0, [], 1, 0)++
1`(35, 0.5, 78.86, 19.98, 142.0, 0, 0, [], [], 0, 0, 0, [], 1, 0)++
1`(36, 0.5, 70.14, 98.33, 142.0, 0, 0, [], [], 0, 0, 0, [], 1, 0)++
1`(37, 0.5, 83.8, 23.99, 142.0, 0, 0, [], [], 0, 0, 0, [], 1, 0)++
1`(38, 0.5, 40.94, 7.34, 142.0, 0, 0, [], [], 0, 0, 0, [], 1, 0)++
1`(39, 0.5, 27.33, 52.3, 142.0, 0, 0, [], [], 0, 0, 0, [], 1, 0)++
1`(40, 0.5, 31.01, 51.67, 142.0, 0, 0, [], [], 0, 0, 0, [], 1, 0)++
1`(41, 0.5, 71.05, 71.67, 142.0, 0, 0, [], [], 0, 0, 0, [], 1, 0)++
1`(42, 0.5, 41.41, 36.94, 142.0, 0, 0, [], [], 0, 0, 0, [], 1, 0)++
1`(43, 0.5, 94.64, 11.58, 142.0, 0, 0, [], [], 0, 0, 0, [], 1, 0)++
1`(44, 0.5, 61.86, 99.54, 142.0, 0, 0, [], [], 0, 0, 0, [], 1, 0)++
1`(45, 0.5, 34.32, 25.72, 142.0, 0, 0, [], [], 0, 0, 0, [], 1, 0)++
1`(46, 0.5, 68.02, 1.2, 142.0, 0, 0, [], [], 0, 0, 0, [], 1, 0)++
1`(47, 0.5, 39.56, 94.7, 142.0, 0, 0, [], [], 0, 0, 0, [], 1, 0)++
1`(48, 0.5, 21.65, 14.97, 142.0, 0, 0, [], [], 0, 0, 0, [], 1, 0)++
1`(49, 0.5, 30.6, 72.59, 142.0, 0, 0, [], [], 0, 0, 0, [], 1, 0)++
1`(50, 0.5, 17.95, 46.33, 142.0, 0, 0, [], [], 0, 0, 0, [], 1, 0)++
1`(51, 0.5, 31.97, 76.99, 142.0, 0, 0, [], [], 0, 0, 0, [], 1, 0)++
1`(52, 0.5, 82.79, 30.43, 142.0, 0, 0, [], [], 0, 0, 0, [], 1, 0)++
1`(53, 0.5, 23.0, 55.03, 142.0, 0, 0, [], [], 0, 0, 0, [], 1, 0)++
1`(54, 0.5, 35.26, 85.94, 142.0, 0, 0, [], [], 0, 0, 0, [], 1, 0)++
1`(55, 0.5, 48.96, 33.03, 142.0, 0, 0, [], [], 0, 0, 0, [], 1, 0)++
1`(56, 0.5, 51.73, 20.16, 142.0, 0, 0, [], [], 0, 0, 0, [], 1, 0)++
1`(57, 0.5, 42.55, 66.9, 142.0, 0, 0, [], [], 0, 0, 0, [], 1, 0)++
1`(58, 0.5, 89.76, 92.09, 142.0, 0, 0, [], [], 0, 0, 0, [], 1, 0)++
1`(59, 0.5, 0.45, 47.29, 142.0, 0, 0, [], [], 0, 0, 0, [], 1, 0)++
1`(60, 0.5, 40.35, 7.63, 142.0, 0, 0, [], [], 0, 0, 0, [], 1, 0)++
1`(61, 0.5, 59.64, 0.93, 142.0, 0, 0, [], [], 0, 0, 0, [], 1, 0)++
1`(62, 0.5, 75.32, 88.66, 142.0, 0, 0, [], [], 0, 0, 0, [], 1, 0)++
1`(63, 0.5, 10.39, 84.87, 142.0, 0, 0, [], [], 0, 0, 0, [], 1, 0)++
1`(64, 0.5, 24.44, 55.86, 142.0, 0, 0, [], [], 0, 0, 0, [], 1, 0)++
1`(65, 0.5, 73.8, 32.6, 142.0, 0, 0, [], [], 0, 0, 0, [], 1, 0)++
1`(66, 0.5, 59.94, 54.2, 142.0, 0, 0, [], [], 0, 0, 0, [], 1, 0)++
1`(67, 0.5, 65.5, 87.24, 142.0, 0, 0, [], [], 0, 0, 0, [], 1, 0)++
1`(68, 0.5, 11.2, 9.55, 142.0, 0, 0, [], [], 0, 0, 0, [], 1, 0)++
1`(69, 0.5, 57.0, 44.98, 142.0, 0, 0, [], [], 0, 0, 0, [], 1, 0)++
1`(70, 0.5, 4.31, 56.06, 142.0, 0, 0, [], [], 0, 0, 0, [], 1, 0)++
1`(71, 0.5, 88.51, 90.27, 142.0, 0, 0, [], [], 0, 0, 0, [], 1, 0)++
1`(72, 0.5, 89.41, 86.74, 142.0, 0, 0, [], [], 0, 0, 0, [], 1, 0)++
1`(73, 0.5, 37.1, 26.75, 142.0, 0, 0, [], [], 0, 0, 0, [], 1, 0)++
1`(74, 0.5, 15.43, 81.96, 142.0, 0, 0, [], [], 0, 0, 0, [], 1, 0)++
1`(75, 0.5, 74.19, 76.7, 142.0, 0, 0, [], [], 0, 0, 0, [], 1, 0)++
1`(76, 0.5, 54.2, 58.72, 142.0, 0, 0, [], [], 0, 0, 0, [], 1, 0)++
1`(77, 0.5, 39.29, 90.25, 142.0, 0, 0, [], [], 0, 0, 0, [], 1, 0)++
1`(78, 0.5, 74.6, 29.78, 142.0, 0, 0, [], [], 0, 0, 0, [], 1, 0)++
1`(79, 0.5, 31.95, 26.84, 142.0, 0, 0, [], [], 0, 0, 0, [], 1, 0)++
1`(80, 0.5, 92.72, 61.5, 142.0, 0, 0, [], [], 0, 0, 0, [], 1, 0)++
1`(81, 0.5, 47.81, 35.06, 142.0, 0, 0, [], [], 0, 0, 0, [], 1, 0)++
1`(82, 0.5, 27.79, 10.56, 142.0, 0, 0, [], [], 0, 0, 0, [], 1, 0)++
1`(83, 0.5, 98.48, 68.17, 142.0, 0, 0, [], [], 0, 0, 0, [], 1, 0)++
1`(84, 0.5, 33.75, 86.26, 142.0, 0, 0, [], [], 0, 0, 0, [], 1, 0)++
1`(85, 0.5, 92.51, 64.63, 142.0, 0, 0, [], [], 0, 0, 0, [], 1, 0)++
1`(86, 0.5, 6.79, 9.49, 142.0, 0, 0, [], [], 0, 0, 0, [], 1, 0)++
1`(87, 0.5, 52.51, 46.15, 142.0, 0, 0, [], [], 0, 0, 0, [], 1, 0)++
1`(88, 0.5, 75.3, 68.09, 142.0, 0, 0, [], [], 0, 0, 0, [], 1, 0)++
1`(89, 0.5, 27.5, 35.03, 142.0, 0, 0, [], [], 0, 0, 0, [], 1, 0)++
1`(90, 0.5, 22.63, 67.69, 142.0, 0, 0, [], [], 0, 0, 0, [], 1, 0)++
1`(91, 0.5, 35.25, 82.19, 142.0, 0, 0, [], [], 0, 0, 0, [], 1, 0)++
1`(92, 0.5, 42.85, 32.96, 142.0, 0, 0, [], [], 0, 0, 0, [], 1, 0)++
1`(93, 0.5, 1.5, 59.14, 142.0, 0, 0, [], [], 0, 0, 0, [], 1, 0)++
1`(94, 0.5, 40.83, 60.37, 142.0, 0, 0, [], [], 0, 0, 0, [], 1, 0)++
1`(95, 0.5, 77.03, 18.12, 142.0, 0, 0, [], [], 0, 0, 0, [], 1, 0)++
1`(96, 0.5, 38.85, 60.49, 142.0, 0, 0, [], [], 0, 0, 0, [], 1, 0)++
1`(97, 0.5, 79.73, 7.52, 142.0, 0, 0, [], [], 0, 0, 0, [], 1, 0)++
1`(98, 0.5, 84.5, 70.44, 142.0, 0, 0, [], [], 0, 0, 0, [], 1, 0)++
1`(99, 0.5, 48.11, 90.27, 142.0, 0, 0, [], [], 0, 0, 0, [], 1, 0)++
1`(100, 0.5, 50.52, 67.5, 142.0, 0, 0, [], [], 0, 0, 0, [], 1, 0)++
1`(101, 0.5, 84.38, 87.7, 142.0, 0, 0, [], [], 0, 0, 0, [], 1, 0)++
1`(102, 0.5, 10.33, 31.48, 142.0, 0, 0, [], [], 0, 0, 0, [], 1, 0)++
1`(103, 0.5, 1.24, 4.95, 142.0, 0, 0, [], [], 0, 0, 0, [], 1, 0)++
1`(104, 0.5, 69.85, 42.33, 142.0, 0, 0, [], [], 0, 0, 0, [], 1, 0)++
1`(105, 0.5, 16.95, 0.35, 142.0, 0, 0, [], [], 0, 0, 0, [], 1, 0)++
1`(106, 0.5, 94.76, 68.31, 142.0, 0, 0, [], [], 0, 0, 0, [], 1, 0)++
1`(107, 0.5, 29.2, 90.69, 142.0, 0, 0, [], [], 0, 0, 0, [], 1, 0)++
1`(108, 0.5, 20.72, 73.42, 142.0, 0, 0, [], [], 0, 0, 0, [], 1, 0)++
1`(109, 0.5, 15.21, 39.67, 142.0, 0, 0, [], [], 0, 0, 0, [], 1, 0)++
1`(110, 0.5, 37.09, 33.71, 142.0, 0, 0, [], [], 0, 0, 0, [], 1, 0)++
1`(111, 0.5, 41.32, 98.19, 142.0, 0, 0, [], [], 0, 0, 0, [], 1, 0)++
1`(112, 0.5, 55.28, 13.49, 142.0, 0, 0, [], [], 0, 0, 0, [], 1, 0)++
1`(113, 0.5, 43.52, 0.11, 142.0, 0, 0, [], [], 0, 0, 0, [], 1, 0)++
1`(114, 0.5, 84.67, 21.33, 142.0, 0, 0, [], [], 0, 0, 0, [], 1, 0)++
1`(115, 0.5, 8.73, 96.61, 142.0, 0, 0, [], [], 0, 0, 0, [], 1, 0)++
1`(116, 0.5, 5.93, 6.4, 142.0, 0, 0, [], [], 0, 0, 0, [], 1, 0)++
1`(117, 0.5, 56.28, 63.25, 142.0, 0, 0, [], [], 0, 0, 0, [], 1, 0)++
1`(118, 0.5, 97.84, 33.07, 142.0, 0, 0, [], [], 0, 0, 0, [], 1, 0)++
1`(119, 0.5, 8.7, 75.65, 142.0, 0, 0, [], [], 0, 0, 0, [], 1, 0)++
1`(120, 0.5, 21.94, 65.11, 142.0, 0, 0, [], [], 0, 0, 0, [], 1, 0)++
1`(121, 0.5, 98.99, 14.77, 142.0, 0, 0, [], [], 0, 0, 0, [], 1, 0)++
1`(122, 0.5, 19.74, 38.82, 142.0, 0, 0, [], [], 0, 0, 0, [], 1, 0)++
1`(123, 0.5, 17.22, 67.85, 142.0, 0, 0, [], [], 0, 0, 0, [], 1, 0)++
1`(124, 0.5, 42.74, 42.85, 142.0, 0, 0, [], [], 0, 0, 0, [], 1, 0)++
1`(125, 0.5, 83.44, 73.62, 142.0, 0, 0, [], [], 0, 0, 0, [], 1, 0)++
1`(126, 0.5, 92.66, 59.78, 142.0, 0, 0, [], [], 0, 0, 0, [], 1, 0)++
1`(127, 0.5, 21.76, 47.15, 142.0, 0, 0, [], [], 0, 0, 0, [], 1, 0)++
1`(128, 0.5, 36.95, 39.68, 142.0, 0, 0, [], [], 0, 0, 0, [], 1, 0)++
1`(129, 0.5, 10.35, 66.99, 142.0, 0, 0, [], [], 0, 0, 0, [], 1, 0)++
1`(130, 0.5, 86.69, 37.51, 142.0, 0, 0, [], [], 0, 0, 0, [], 1, 0)++
1`(131, 0.5, 59.66, 93.66, 142.0, 0, 0, [], [], 0, 0, 0, [], 1, 0)++
1`(132, 0.5, 41.82, 52.02, 142.0, 0, 0, [], [], 0, 0, 0, [], 1, 0)++
1`(133, 0.5, 96.75, 30.16, 142.0, 0, 0, [], [], 0, 0, 0, [], 1, 0)++
1`(134, 0.5, 16.77, 71.19, 142.0, 0, 0, [], [], 0, 0, 0, [], 1, 0)++
1`(135, 0.5, 84.09, 16.1, 142.0, 0, 0, [], [], 0, 0, 0, [], 1, 0)++
1`(136, 0.5, 9.91, 46.99, 142.0, 0, 0, [], [], 0, 0, 0, [], 1, 0)++
1`(137, 0.5, 58.53, 40.25, 142.0, 0, 0, [], [], 0, 0, 0, [], 1, 0)++
1`(138, 0.5, 31.55, 66.52, 142.0, 0, 0, [], [], 0, 0, 0, [], 1, 0)++
1`(139, 0.5, 77.17, 6.36, 142.0, 0, 0, [], [], 0, 0, 0, [], 1, 0)++
1`(140, 0.5, 76.54, 22.99, 142.0, 0, 0, [], [], 0, 0, 0, [], 1, 0)++
1`(141, 0.5, 5.96, 33.82, 142.0, 0, 0, [], [], 0, 0, 0, [], 1, 0)++
1`(142, 0.5, 23.17, 3.23, 142.0, 0, 0, [], [], 0, 0, 0, [], 1, 0)++
1`(143, 0.5, 72.79, 67.43, 142.0, 0, 0, [], [], 0, 0, 0, [], 1, 0)++
1`(144, 0.5, 57.16, 1.07, 142.0, 0, 0, [], [], 0, 0, 0, [], 1, 0)++
1`(145, 0.5, 37.97, 42.68, 142.0, 0, 0, [], [], 0, 0, 0, [], 1, 0)++
1`(146, 0.5, 37.9, 44.89, 142.0, 0, 0, [], [], 0, 0, 0, [], 1, 0)++
1`(147, 0.5, 0.28, 35.89, 142.0, 0, 0, [], [], 0, 0, 0, [], 1, 0)++
1`(148, 0.5, 18.06, 20.2, 142.0, 0, 0, [], [], 0, 0, 0, [], 1, 0)++
1`(149, 0.5, 35.89, 16.95, 142.0, 0, 0, [], [], 0, 0, 0, [], 1, 0)++
1`(150, 0.5, 16.9, 94.93, 142.0, 0, 0, [], [], 0, 0, 0, [], 1, 0)++
1`(151, 0.5, 70.12, 13.18, 142.0, 0, 0, [], [], 0, 0, 0, [], 1, 0)++
1`(152, 0.5, 52.42, 0.28, 142.0, 0, 0, [], [], 0, 0, 0, [], 1, 0)++
1`(153, 0.5, 20.33, 18.63, 142.0, 0, 0, [], [], 0, 0, 0, [], 1, 0)++
1`(154, 0.5, 35.47, 79.77, 142.0, 0, 0, [], [], 0, 0, 0, [], 1, 0)++
1`(155, 0.5, 85.26, 45.13, 142.0, 0, 0, [], [], 0, 0, 0, [], 1, 0)++
1`(156, 0.5, 45.96, 87.6, 142.0, 0, 0, [], [], 0, 0, 0, [], 1, 0)++
1`(157, 0.5, 56.11, 11.46, 142.0, 0, 0, [], [], 0, 0, 0, [], 1, 0)++
1`(158, 0.5, 50.3, 68.52, 142.0, 0, 0, [], [], 0, 0, 0, [], 1, 0)++
1`(159, 0.5, 10.02, 16.76, 142.0, 0, 0, [], [], 0, 0, 0, [], 1, 0)++
1`(160, 0.5, 46.29, 14.39, 142.0, 0, 0, [], [], 0, 0, 0, [], 1, 0)++
1`(161, 0.5, 6.65, 89.62, 142.0, 0, 0, [], [], 0, 0, 0, [], 1, 0)++
1`(162, 0.5, 85.34, 28.86, 142.0, 0, 0, [], [], 0, 0, 0, [], 1, 0)++
1`(163, 0.5, 46.66, 46.37, 142.0, 0, 0, [], [], 0, 0, 0, [], 1, 0)++
1`(164, 0.5, 77.93, 91.91, 142.0, 0, 0, [], [], 0, 0, 0, [], 1, 0)++
1`(165, 0.5, 71.21, 92.71, 142.0, 0, 0, [], [], 0, 0, 0, [], 1, 0)++
1`(166, 0.5, 82.58, 6.19, 142.0, 0, 0, [], [], 0, 0, 0, [], 1, 0)++
1`(167, 0.5, 95.82, 79.33, 142.0, 0, 0, [], [], 0, 0, 0, [], 1, 0)++
1`(168, 0.5, 10.21, 14.08, 142.0, 0, 0, [], [], 0, 0, 0, [], 1, 0)++
1`(169, 0.5, 89.35, 7.21, 142.0, 0, 0, [], [], 0, 0, 0, [], 1, 0)++
1`(170, 0.5, 53.35, 63.9, 142.0, 0, 0, [], [], 0, 0, 0, [], 1, 0)++
1`(171, 0.5, 99.45, 77.52, 142.0, 0, 0, [], [], 0, 0, 0, [], 1, 0)++
1`(172, 0.5, 9.84, 76.97, 142.0, 0, 0, [], [], 0, 0, 0, [], 1, 0)++
1`(173, 0.5, 66.21, 72.1, 142.0, 0, 0, [], [], 0, 0, 0, [], 1, 0)++
1`(174, 0.5, 70.65, 67.26, 142.0, 0, 0, [], [], 0, 0, 0, [], 1, 0)++
1`(175, 0.5, 32.58, 34.11, 142.0, 0, 0, [], [], 0, 0, 0, [], 1, 0)++
1`(176, 0.5, 70.79, 55.47, 142.0, 0, 0, [], [], 0, 0, 0, [], 1, 0)++
1`(177, 0.5, 91.52, 32.82, 142.0, 0, 0, [], [], 0, 0, 0, [], 1, 0)++
1`(178, 0.5, 71.67, 65.74, 142.0, 0, 0, [], [], 0, 0, 0, [], 1, 0)++
1`(179, 0.5, 40.63, 3.66, 142.0, 0, 0, [], [], 0, 0, 0, [], 1, 0)++
1`(180, 0.5, 49.78, 61.91, 142.0, 0, 0, [], [], 0, 0, 0, [], 1, 0)++
1`(181, 0.5, 94.46, 47.64, 142.0, 0, 0, [], [], 0, 0, 0, [], 1, 0)++
1`(182, 0.5, 67.48, 24.61, 142.0, 0, 0, [], [], 0, 0, 0, [], 1, 0)++
1`(183, 0.5, 53.54, 67.14, 142.0, 0, 0, [], [], 0, 0, 0, [], 1, 0)++
1`(184, 0.5, 5.71, 25.34, 142.0, 0, 0, [], [], 0, 0, 0, [], 1, 0)++
1`(185, 0.5, 38.17, 44.82, 142.0, 0, 0, [], [], 0, 0, 0, [], 1, 0)++
1`(186, 0.5, 81.84, 84.67, 142.0, 0, 0, [], [], 0, 0, 0, [], 1, 0)++
1`(187, 0.5, 19.17, 56.36, 142.0, 0, 0, [], [], 0, 0, 0, [], 1, 0)++
1`(188, 0.5, 51.03, 35.39, 142.0, 0, 0, [], [], 0, 0, 0, [], 1, 0)++
1`(189, 0.5, 14.91, 6.37, 142.0, 0, 0, [], [], 0, 0, 0, [], 1, 0)++
1`(190, 0.5, 69.92, 46.32, 142.0, 0, 0, [], [], 0, 0, 0, [], 1, 0)++
1`(191, 0.5, 27.83, 74.19, 142.0, 0, 0, [], [], 0, 0, 0, [], 1, 0)++
1`(192, 0.5, 48.47, 85.05, 142.0, 0, 0, [], [], 0, 0, 0, [], 1, 0)++
1`(193, 0.5, 2.73, 67.32, 142.0, 0, 0, [], [], 0, 0, 0, [], 1, 0)++
1`(194, 0.5, 24.98, 63.74, 142.0, 0, 0, [], [], 0, 0, 0, [], 1, 0)++
1`(195, 0.5, 31.34, 72.74, 142.0, 0, 0, [], [], 0, 0, 0, [], 1, 0)++
1`(196, 0.5, 17.97, 81.29, 142.0, 0, 0, [], [], 0, 0, 0, [], 1, 0)++
1`(197, 0.5, 92.08, 11.75, 142.0, 0, 0, [], [], 0, 0, 0, [], 1, 0)++
1`(198, 0.5, 2.29, 75.42, 142.0, 0, 0, [], [], 0, 0, 0, [], 1, 0)++
1`(199, 0.5, 97.53, 91.31, 142.0, 0, 0, [], [], 0, 0, 0, [], 1, 0)++
1`(200, 0.5, 47.88, 28.15, 142.0, 0, 0, [], [], 0, 0, 0, [], 1, 0)++
1`(201, 0.5, 95.77, 16.07, 142.0, 0, 0, [], [], 0, 0, 0, [], 1, 0)++
1`(202, 0.5, 30.94, 53.62, 142.0, 0, 0, [], [], 0, 0, 0, [], 1, 0)++
1`(203, 0.5, 1.06, 60.04, 142.0, 0, 0, [], [], 0, 0, 0, [], 1, 0)++
1`(204, 0.5, 51.98, 25.12, 142.0, 0, 0, [], [], 0, 0, 0, [], 1, 0)++
1`(205, 0.5, 5.47, 36.68, 142.0, 0, 0, [], [], 0, 0, 0, [], 1, 0)++
1`(206, 0.5, 21.53, 79.11, 142.0, 0, 0, [], [], 0, 0, 0, [], 1, 0)++
1`(207, 0.5, 45.43, 46.08, 142.0, 0, 0, [], [], 0, 0, 0, [], 1, 0)++
1`(208, 0.5, 74.92, 85.92, 142.0, 0, 0, [], [], 0, 0, 0, [], 1, 0)++
1`(209, 0.5, 22.84, 21.75, 142.0, 0, 0, [], [], 0, 0, 0, [], 1, 0)++
1`(210, 0.5, 28.26, 18.91, 142.0, 0, 0, [], [], 0, 0, 0, [], 1, 0)++
1`(211, 0.5, 96.88, 38.63, 142.0, 0, 0, [], [], 0, 0, 0, [], 1, 0)++
1`(212, 0.5, 73.74, 16.56, 142.0, 0, 0, [], [], 0, 0, 0, [], 1, 0)++
1`(213, 0.5, 16.14, 81.99, 142.0, 0, 0, [], [], 0, 0, 0, [], 1, 0)++
1`(214, 0.5, 19.85, 90.58, 142.0, 0, 0, [], [], 0, 0, 0, [], 1, 0)++
1`(215, 0.5, 64.75, 25.83, 142.0, 0, 0, [], [], 0, 0, 0, [], 1, 0)++
1`(216, 0.5, 14.52, 74.51, 142.0, 0, 0, [], [], 0, 0, 0, [], 1, 0)++
1`(217, 0.5, 23.49, 38.11, 142.0, 0, 0, [], [], 0, 0, 0, [], 1, 0)++
1`(218, 0.5, 47.32, 77.92, 142.0, 0, 0, [], [], 0, 0, 0, [], 1, 0)++
1`(219, 0.5, 20.6, 9.51, 142.0, 0, 0, [], [], 0, 0, 0, [], 1, 0)++
1`(220, 0.5, 20.76, 68.9, 142.0, 0, 0, [], [], 0, 0, 0, [], 1, 0)++
1`(221, 0.5, 12.62, 95.02, 142.0, 0, 0, [], [], 0, 0, 0, [], 1, 0)++
1`(222, 0.5, 5.07, 89.68, 142.0, 0, 0, [], [], 0, 0, 0, [], 1, 0)++
1`(223, 0.5, 18.51, 87.38, 142.0, 0, 0, [], [], 0, 0, 0, [], 1, 0)++
1`(224, 0.5, 66.04, 44.59, 142.0, 0, 0, [], [], 0, 0, 0, [], 1, 0)++
1`(225, 0.5, 14.64, 66.51, 142.0, 0, 0, [], [], 0, 0, 0, [], 1, 0)++
1`(226, 0.5, 56.37, 75.51, 142.0, 0, 0, [], [], 0, 0, 0, [], 1, 0)++
1`(227, 0.5, 43.45, 33.56, 142.0, 0, 0, [], [], 0, 0, 0, [], 1, 0)++
1`(228, 0.5, 77.75, 80.46, 142.0, 0, 0, [], [], 0, 0, 0, [], 1, 0)++
1`(229, 0.5, 2.03, 63.16, 142.0, 0, 0, [], [], 0, 0, 0, [], 1, 0)++
1`(230, 0.5, 74.42, 86.46, 142.0, 0, 0, [], [], 0, 0, 0, [], 1, 0)++
1`(231, 0.5, 8.34, 10.44, 142.0, 0, 0, [], [], 0, 0, 0, [], 1, 0)++
1`(232, 0.5, 58.86, 82.95, 142.0, 0, 0, [], [], 0, 0, 0, [], 1, 0)++
1`(233, 0.5, 95.64, 47.78, 142.0, 0, 0, [], [], 0, 0, 0, [], 1, 0)++
1`(234, 0.5, 59.59, 30.06, 142.0, 0, 0, [], [], 0, 0, 0, [], 1, 0)++
1`(235, 0.5, 44.79, 93.73, 142.0, 0, 0, [], [], 0, 0, 0, [], 1, 0)++
1`(236, 0.5, 58.95, 57.13, 142.0, 0, 0, [], [], 0, 0, 0, [], 1, 0)++
1`(237, 0.5, 14.85, 20.16, 142.0, 0, 0, [], [], 0, 0, 0, [], 1, 0)++
1`(238, 0.5, 42.8, 90.08, 142.0, 0, 0, [], [], 0, 0, 0, [], 1, 0)++
1`(239, 0.5, 80.36, 76.22, 142.0, 0, 0, [], [], 0, 0, 0, [], 1, 0)++
1`(240, 0.5, 48.18, 39.46, 142.0, 0, 0, [], [], 0, 0, 0, [], 1, 0)++
1`(241, 0.5, 17.11, 92.89, 142.0, 0, 0, [], [], 0, 0, 0, [], 1, 0)++
1`(242, 0.5, 18.2, 76.78, 142.0, 0, 0, [], [], 0, 0, 0, [], 1, 0)++
1`(243, 0.5, 8.14, 11.16, 142.0, 0, 0, [], [], 0, 0, 0, [], 1, 0)++
1`(244, 0.5, 39.04, 77.42, 142.0, 0, 0, [], [], 0, 0, 0, [], 1, 0)++
1`(245, 0.5, 38.08, 60.81, 142.0, 0, 0, [], [], 0, 0, 0, [], 1, 0)++
1`(246, 0.5, 31.09, 80.62, 142.0, 0, 0, [], [], 0, 0, 0, [], 1, 0)++
1`(247, 0.5, 46.28, 21.22, 142.0, 0, 0, [], [], 0, 0, 0, [], 1, 0)++
1`(248, 0.5, 15.69, 67.98, 142.0, 0, 0, [], [], 0, 0, 0, [], 1, 0)++
1`(249, 0.5, 8.31, 97.45, 142.0, 0, 0, [], [], 0, 0, 0, [], 1, 0)++
1`(250, 0.5, 95.3, 24.1, 142.0, 0, 0, [], [], 0, 0, 0, [], 1, 0)
