1`(1, 0.5, 22.32, 15.1, 142.0, 0, 0, [], [], 0, 0, 0, [], 1, 0)++
1`(2, 0.5, 6.43, 62.67, 142.0, 0, 0, [], [], 0, 0, 0, [], 1, 0)++
1`(3, 0.5, 86.1, 52.28, 142.0, 0, 0, [], [], 0, 0, 0, [], 1, 0)++
1`(4, 0.5, 11.1, 73.05, 142.0, 0, 0, [], [], 0, 0, 0, [], 1, 0)++
1`(5, 0.5, 45.26, 74.52, 142.0, 0, 0, [], [], 0, 0, 0, [], 1, 0)++
1`(6, 0.5, 69.29, 89.54, 142.0, 0, 0, [], [], 0, 0, 0, [], 1, 0)++
1`(7, 0.5, 81.98, 29.82, 142.0, 0, 0, [], [], 0, 0, 0, [], 1, 0)++
1`(8, 0.5, 24.32, 47.74, 142.0, 0, 0, [], [], 0, 0, 0, [], 1, 0)++
1`(9, 0.5, 18.58, 82.49, 142.0, 0, 0, [], [], 0, 0, 0, [], 1, 0)++
1`(10, 0.5, 62.94, 71.19, 142.0, 0, 0, [], [], 0, 0, 0, [], 1, 0)++
1`(11, 0.5, 39.78, 78.92, 142.0, 0, 0, [], [], 0, 0, 0, [], 1, 0)++
1`(12, 0.5, 66.63, 40.46, 142.0, 0, 0, [], [], 0, 0, 0, [], 1, 0)++
1`(13, 0.5, 22.46, 45.83, 142.0, 0, 0, [], [], 0, 0, 0, [], 1, 0)++
1`(14, 0.5, 40.38, 83.95, 142.0, 0, 0, [], [], 0, 0, 0, [], 1, 0)++
1`(15, 0.5, 87.85, 77.55, 142.0, 0, 0, [], [], 0, 0, 0, [], 1, 0)++
1`(16, 0.5, 95.91, 72.66, 142.0, 0, 0, [], [], 0, 0, 0, [], 1, 0)++
1`(17, 0.5, 55.25, 35.2, 142.0, 0, 0, [], [], 0, 0, 0, [], 1, 0)++
1`(18, 0.5, 76.16, 19.18, 142.0, 0, 0, [], [], 0, 0, 0, [], 1, 0)++
1`(19, 0.5, 9.85, 90.31, 142.0, 0, 0, [], [], 0, 0, 0, [], 1, 0)++
1`(20, 0.5, 7.53, 66.61, 142.0, 0, 0, [], [], 0, 0, 0, [], 1, 0)++
1`(21, 0.5, 31.88, 34.82, 142.0, 0, 0, [], [], 0, 0, 0, [], 1, 0)++
1`(22, 0.5, 77.82, 79.58, 142.0, 0, 0, [], [], 0, 0, 0, [], 1, 0)++
1`(23, 0.5, 68.09, 75.96, 142.0, 0, 0, [], [], 0, 0, 0, [], 1, 0)++
1`(24, 0.5, 68.11, 86.36, 142.0, 0, 0, [], [], 0, 0, 0, [], 1, 0)++
1`(25, 0.5, 7.15, 42.63, 142.0, 0, 0, [], [], 0, 0, 0, [], 1, 0)++
1`(26, 0.5, 62.68, 23.49, 142.0, 0, 0, [], [], 0, 0, 0, [], 1, 0)++
1`(27, 0.5, 55.25, 7.86, 142.0, 0, 0, [], [], 0, 0, 0, [], 1, 0)++
1`(28, 0.5, 63.2, 44.98, 142.0, 0, 0, [], [], 0, 0, 0, [], 1, 0)++
1`(29, 0.5, 95.4, 30.75, 142.0, 0, 0, [], [], 0, 0, 0, [], 1, 0)++
1`(30, 0.5, 12.55, 66.27, 142.0, 0, 0, [], [], 0, 0, 0, [], 1, 0)++
1`(31, 0.5, 28.78, 16.55, 142.0, 0, 0, [], [], 0, 0, 0, [], 1, 0)++
1`(32, 0.5, 98.96, 49.07, 142.0, 0, 0, [], [], 0, 0, 0, [], 1, 0)++
1`(33, 0.5, 31.74, 28.63, 142.0, 0, 0, [], [], 0, 0, 0, [], 1, 0)++
1`(34, 0.5, 7.99, 36.43, 142.0, 0, 0, [], [], 0, 0, 0, [], 1, 0)++
1`(35, 0.5, 83.91, 84.88, 142.0, 0, 0, [], [], 0, 0, 0, [], 1, 0)++
1`(36, 0.5, 69.06, 87.7, 142.0, 0, 0, [], [], 0, 0, 0, [], 1, 0)++
1`(37, 0.5, 49.93, 4.33, 142.0, 0, 0, [], [], 0, 0, 0, [], 1, 0)++
1`(38, 0.5, 72.01, 14.23, 142.0, 0, 0, [], [], 0, 0, 0, [], 1, 0)++
1`(39, 0.5, 65.67, 49.53, 142.0, 0, 0, [], [], 0, 0, 0, [], 1, 0)++
1`(40, 0.5, 3.52, 63.91, 142.0, 0, 0, [], [], 0, 0, 0, [], 1, 0)++
1`(41, 0.5, 13.38, 72.53, 142.0, 0, 0, [], [], 0, 0, 0, [], 1, 0)++
1`(42, 0.5, 8.76, 26.05, 142.0, 0, 0, [], [], 0, 0, 0, [], 1, 0)++
1`(43, 0.5, 47.5, 43.24, 142.0, 0, 0, [], [], 0, 0, 0, [], 1, 0)++
1`(44, 0.5, 79.06, 40.29, 142.0, 0, 0, [], [], 0, 0, 0, [], 1, 0)++
1`(45, 0.5, 59.2, 79.47, 142.0, 0, 0, [], [], 0, 0, 0, [], 1, 0)++
1`(46, 0.5, 95.61, 12.64, 142.0, 0, 0, [], [], 0, 0, 0, [], 1, 0)++
1`(47, 0.5, 93.65, 75.32, 142.0, 0, 0, [], [], 0, 0, 0, [], 1, 0)++
1`(48, 0.5, 52.13, 18.37, 142.0, 0, 0, [], [], 0, 0, 0, [], 1, 0)++
1`(49, 0.5, 28.76, 21.58, 142.0, 0, 0, [], [], 0, 0, 0, [], 1, 0)++
1`(50, 0.5, 31.08, 44.51, 142.0, 0, 0, [], [], 0, 0, 0, [], 1, 0)++
1`(51, 0.5, 10.62, 73.62, 142.0, 0, 0, [], [], 0, 0, 0, [], 1, 0)++
1`(52, 0.5, 8.68, 79.57, 142.0, 0, 0, [], [], 0, 0, 0, [], 1, 0)++
1`(53, 0.5, 28.62, 93.3, 142.0, 0, 0, [], [], 0, 0, 0, [], 1, 0)++
1`(54, 0.5, 20.83, 58.17, 142.0, 0, 0, [], [], 0, 0, 0, [], 1, 0)++
1`(55, 0.5, 42.34, 72.56, 142.0, 0, 0, [], [], 0, 0, 0, [], 1, 0)++
1`(56, 0.5, 60.95, 57.76, 142.0, 0, 0, [], [], 0, 0, 0, [], 1, 0)++
1`(57, 0.5, 79.93, 43.68, 142.0, 0, 0, [], [], 0, 0, 0, [], 1, 0)++
1`(58, 0.5, 2.5, 77.11, 142.0, 0, 0, [], [], 0, 0, 0, [], 1, 0)++
1`(59, 0.5, 56.67, 51.57, 142.0, 0, 0, [], [], 0, 0, 0, [], 1, 0)++
1`(60, 0.5, 17.96, 47.89, 142.0, 0, 0, [], [], 0, 0, 0, [], 1, 0)++
1`(61, 0.5, 88.84, 86.07, 142.0, 0, 0, [], [], 0, 0, 0, [], 1, 0)++
1`(62, 0.5, 19.97, 10.65, 142.0, 0, 0, [], [], 0, 0, 0, [], 1, 0)++
1`(63, 0.5, 0.95, 43.38, 142.0, 0, 0, [], [], 0, 0, 0, [], 1, 0)++
1`(64, 0.5, 74.6, 32.36, 142.0, 0, 0, [], [], 0, 0, 0, [], 1, 0)++
1`(65, 0.5, 31.74, 97.02, 142.0, 0, 0, [], [], 0, 0, 0, [], 1, 0)++
1`(66, 0.5, 26.42, 76.67, 142.0, 0, 0, [], [], 0, 0, 0, [], 1, 0)++
1`(67, 0.5, 72.24, 22.35, 142.0, 0, 0, [], [], 0, 0, 0, [], 1, 0)++
1`(68, 0.5, 55.6, 6.5, 142.0, 0, 0, [], [], 0, 0, 0, [], 1, 0)++
1`(69, 0.5, 27.29, 78.38, 142.0, 0, 0, [], [], 0, 0, 0, [], 1, 0)++
1`(70, 0.5, 26.23, 77.5, 142.0, 0, 0, [], [], 0, 0, 0, [], 1, 0)++
1`(71, 0.5, 81.19, 87.46, 142.0, 0, 0, [], [], 0, 0, 0, [], 1, 0)++
1`(72, 0.5, 57.88, 67.11, 142.0, 0, 0, [], [], 0, 0, 0, [], 1, 0)++
1`(73, 0.5, 22.98, 40.84, 142.0, 0, 0, [], [], 0, 0, 0, [], 1, 0)++
1`(74, 0.5, 16.72, 53.09, 142.0, 0, 0, [], [], 0, 0, 0, [], 1, 0)++
1`(75, 0.5, 57.18, 61.02, 142.0, 0, 0, [], [], 0, 0, 0, [], 1, 0)++
1`(76, 0.5, 98.71, 14.32, 142.0, 0, 0, [], [], 0, 0, 0, [], 1, 0)++
1`(77, 0.5, 57.46, 3.66, 142.0, 0, 0, [], [], 0, 0, 0, [], 1, 0)++
1`(78, 0.5, 22.44, 21.99, 142.0, 0, 0, [], [], 0, 0, 0, [], 1, 0)++
1`(79, 0.5, 21.94, 38.77, 142.0, 0, 0, [], [], 0, 0, 0, [], 1, 0)++
1`(80, 0.5, 15.37, 45.81, 142.0, 0, 0, [], [], 0, 0, 0, [], 1, 0)++
1`(81, 0.5, 99.64, 40.27, 142.0, 0, 0, [], [], 0, 0, 0, [], 1, 0)++
1`(82, 0.5, 33.59, 21.56, 142.0, 0, 0, [], [], 0, 0, 0, [], 1, 0)++
1`(83, 0.5, 90.69, 8.11, 142.0, 0, 0, [], [], 0, 0, 0, [], 1, 0)++
1`(84, 0.5, 72.0, 61.12, 142.0, 0, 0, [], [], 0, 0, 0, [], 1, 0)++
1`(85, 0.5, 17.18, 56.37, 142.0, 0, 0, [], [], 0, 0, 0, [], 1, 0)++
1`(86, 0.5, 32.29, 43.63, 142.0, 0, 0, [], [], 0, 0, 0, [], 1, 0)++
1`(87, 0.5, 70.9, 67.8, 142.0, 0, 0, [], [], 0, 0, 0, [], 1, 0)++
1`(88, 0.5, 32.88, 78.63, 142.0, 0, 0, [], [], 0, 0, 0, [], 1, 0)++
1`(89, 0.5, 22.57, 82.95, 142.0, 0, 0, [], [], 0, 0, 0, [], 1, 0)++
1`(90, 0.5, 88.38, 46.56, 142.0, 0, 0, [], [], 0, 0, 0, [], 1, 0)++
1`(91, 0.5, 78.42, 26.89, 142.0, 0, 0, [], [], 0, 0, 0, [], 1, 0)++
1`(92, 0.5, 80.85, 66.75, 142.0, 0, 0, [], [], 0, 0, 0, [], 1, 0)++
1`(93, 0.5, 67.75, 27.12, 142.0, 0, 0, [], [], 0, 0, 0, [], 1, 0)++
1`(94, 0.5, 82.31, 80.57, 142.0, 0, 0, [], [], 0, 0, 0, [], 1, 0)++
1`(95, 0.5, 11.88, 96.89, 142.0, 0, 0, [], [], 0, 0, 0, [], 1, 0)++
1`(96, 0.5, 80.01, 28.16, 142.0, 0, 0, [], [], 0, 0, 0, [], 1, 0)++
1`(97, 0.5, 90.64, 97.54, 142.0, 0, 0, [], [], 0, 0, 0, [], 1, 0)++
1`(98, 0.5, 64.91, 1.16, 142.0, 0, 0, [], [], 0, 0, 0, [], 1, 0)++
1`(99, 0.5, 66.11, 28.84, 142.0, 0, 0, [], [], 0, 0, 0, [], 1, 0)++
1`(100, 0.5, 22.18, 25.41, 142.0, 0, 0, [], [], 0, 0, 0, [], 1, 0)++
1`(101, 0.5, 46.8, 50.62, 142.0, 0, 0, [], [], 0, 0, 0, [], 1, 0)++
1`(102, 0.5, 31.19, 4.15, 142.0, 0, 0, [], [], 0, 0, 0, [], 1, 0)++
1`(103, 0.5, 24.77, 77.52, 142.0, 0, 0, [], [], 0, 0, 0, [], 1, 0)++
1`(104, 0.5, 17.53, 45.93, 142.0, 0, 0, [], [], 0, 0, 0, [], 1, 0)++
1`(105, 0.5, 77.08, 91.37, 142.0, 0, 0, [], [], 0, 0, 0, [], 1, 0)++
1`(106, 0.5, 97.46, 65.31, 142.0, 0, 0, [], [], 0, 0, 0, [], 1, 0)++
1`(107, 0.5, 37.19, 11.04, 142.0, 0, 0, [], [], 0, 0, 0, [], 1, 0)++
1`(108, 0.5, 86.15, 81.88, 142.0, 0, 0, [], [], 0, 0, 0, [], 1, 0)++
1`(109, 0.5, 34.01, 60.51, 142.0, 0, 0, [], [], 0, 0, 0, [], 1, 0)++
1`(110, 0.5, 0.81, 75.24, 142.0, 0, 0, [], [], 0, 0, 0, [], 1, 0)++
1`(111, 0.5, 98.91, 76.16, 142.0, 0, 0, [], [], 0, 0, 0, [], 1, 0)++
1`(112, 0.5, 30.42, 64.06, 142.0, 0, 0, [], [], 0, 0, 0, [], 1, 0)++
1`(113, 0.5, 70.12, 62.83, 142.0, 0, 0, [], [], 0, 0, 0, [], 1, 0)++
1`(114, 0.5, 15.01, 80.26, 142.0, 0, 0, [], [], 0, 0, 0, [], 1, 0)++
1`(115, 0.5, 88.27, 67.43, 142.0, 0, 0, [], [], 0, 0, 0, [], 1, 0)++
1`(116, 0.5, 68.79, 44.63, 142.0, 0, 0, [], [], 0, 0, 0, [], 1, 0)++
1`(117, 0.5, 27.85, 22.17, 142.0, 0, 0, [], [], 0, 0, 0, [], 1, 0)++
1`(118, 0.5, 5.31, 95.33, 142.0, 0, 0, [], [], 0, 0, 0, [], 1, 0)++
1`(119, 0.5, 8.03, 9.66, 142.0, 0, 0, [], [], 0, 0, 0, [], 1, 0)++
1`(120, 0.5, 12.51, 78.25, 142.0, 0, 0, [], [], 0, 0, 0, [], 1, 0)++
1`(121, 0.5, 1.04, 94.43, 142.0, 0, 0, [], [], 0, 0, 0, [], 1, 0)++
1`(122, 0.5, 76.16, 35.59, 142.0, 0, 0, [], [], 0, 0, 0, [], 1, 0)++
1`(123, 0.5, 67.74, 58.16, 142.0, 0, 0, [], [], 0, 0, 0, [], 1, 0)++
1`(124, 0.5, 40.04, 16.29, 142.0, 0, 0, [], [], 0, 0, 0, [], 1, 0)++
1`(125, 0.5, 72.11, 67.76, 142.0, 0, 0, [], [], 0, 0, 0, [], 1, 0)++
1`(126, 0.5, 67.88, 1.16, 142.0, 0, 0, [], [], 0, 0, 0, [], 1, 0)++
1`(127, 0.5, 52.47, 84.84, 142.0, 0, 0, [], [], 0, 0, 0, [], 1, 0)++
1`(128, 0.5, 87.81, 26.72, 142.0, 0, 0, [], [], 0, 0, 0, [], 1, 0)++
1`(129, 0.5, 59.51, 89.66, 142.0, 0, 0, [], [], 0, 0, 0, [], 1, 0)++
1`(130, 0.5, 94.36, 52.5, 142.0, 0, 0, [], [], 0, 0, 0, [], 1, 0)++
1`(131, 0.5, 44.51, 28.13, 142.0, 0, 0, [], [], 0, 0, 0, [], 1, 0)++
1`(132, 0.5, 38.26, 73.55, 142.0, 0, 0, [], [], 0, 0, 0, [], 1, 0)++
1`(133, 0.5, 11.74, 54.19, 142.0, 0, 0, [], [], 0, 0, 0, [], 1, 0)++
1`(134, 0.5, 76.3, 91.73, 142.0, 0, 0, [], [], 0, 0, 0, [], 1, 0)++
1`(135, 0.5, 61.97, 23.3, 142.0, 0, 0, [], [], 0, 0, 0, [], 1, 0)++
1`(136, 0.5, 94.72, 76.93, 142.0, 0, 0, [], [], 0, 0, 0, [], 1, 0)++
1`(137, 0.5, 2.17, 2.43, 142.0, 0, 0, [], [], 0, 0, 0, [], 1, 0)++
1`(138, 0.5, 6.78, 6.99, 142.0, 0, 0, [], [], 0, 0, 0, [], 1, 0)++
1`(139, 0.5, 22.26, 86.06, 142.0, 0, 0, [], [], 0, 0, 0, [], 1, 0)++
1`(140, 0.5, 13.64, 18.52, 142.0, 0, 0, [], [], 0, 0, 0, [], 1, 0)++
1`(141, 0.5, 73.92, 81.14, 142.0, 0, 0, [], [], 0, 0, 0, [], 1, 0)++
1`(142, 0.5, 48.8, 33.95, 142.0, 0, 0, [], [], 0, 0, 0, [], 1, 0)++
1`(143, 0.5, 18.47, 94.29, 142.0, 0, 0, [], [], 0, 0, 0, [], 1, 0)++
1`(144, 0.5, 55.99, 35.02, 142.0, 0, 0, [], [], 0, 0, 0, [], 1, 0)++
1`(145, 0.5, 34.99, 95.73, 142.0, 0, 0, [], [], 0, 0, 0, [], 1, 0)++
1`(146, 0.5, 5.73, 51.37, 142.0, 0, 0, [], [], 0, 0, 0, [], 1, 0)++
1`(147, 0.5, 29.89, 70.18, 142.0, 0, 0, [], [], 0, 0, 0, [], 1, 0)++
1`(148, 0.5, 6.59, 22.76, 142.0, 0, 0, [], [], 0, 0, 0, [], 1, 0)++
1`(149, 0.5, 37.23, 60.72, 142.0, 0, 0, [], [], 0, 0, 0, [], 1, 0)++
1`(150, 0.5, 77.53, 68.23, 142.0, 0, 0, [], [], 0, 0, 0, [], 1, 0)++
1`(151, 0.5, 35.05, 20.12, 142.0, 0, 0, [], [], 0, 0, 0, [], 1, 0)++
1`(152, 0.5, 82.69, 42.29, 142.0, 0, 0, [], [], 0, 0, 0, [], 1, 0)++
1`(153, 0.5, 21.77, 47.18, 142.0, 0, 0, [], [], 0, 0, 0, [], 1, 0)++
1`(154, 0.5, 14.65, 81.08, 142.0, 0, 0, [], [], 0, 0, 0, [], 1, 0)++
1`(155, 0.5, 56.55, 30.97, 142.0, 0, 0, [], [], 0, 0, 0, [], 1, 0)++
1`(156, 0.5, 19.76, 87.39, 142.0, 0, 0, [], [], 0, 0, 0, [], 1, 0)++
1`(157, 0.5, 31.23, 14.68, 142.0, 0, 0, [], [], 0, 0, 0, [], 1, 0)++
1`(158, 0.5, 7.63, 94.28, 142.0, 0, 0, [], [], 0, 0, 0, [], 1, 0)++
1`(159, 0.5, 41.42, 69.71, 142.0, 0, 0, [], [], 0, 0, 0, [], 1, 0)++
1`(160, 0.5, 0.64, 60.93, 142.0, 0, 0, [], [], 0, 0, 0, [], 1, 0)++
1`(161, 0.5, 87.94, 38.0, 142.0, 0, 0, [], [], 0, 0, 0, [], 1, 0)++
1`(162, 0.5, 47.76, 82.28, 142.0, 0, 0, [], [], 0, 0, 0, [], 1, 0)++
1`(163, 0.5, 77.5, 2.14, 142.0, 0, 0, [], [], 0, 0, 0, [], 1, 0)++
1`(164, 0.5, 61.59, 3.05, 142.0, 0, 0, [], [], 0, 0, 0, [], 1, 0)++
1`(165, 0.5, 78.64, 56.73, 142.0, 0, 0, [], [], 0, 0, 0, [], 1, 0)++
1`(166, 0.5, 49.17, 16.58, 142.0, 0, 0, [], [], 0, 0, 0, [], 1, 0)++
1`(167, 0.5, 74.85, 39.06, 142.0, 0, 0, [], [], 0, 0, 0, [], 1, 0)++
1`(168, 0.5, 39.41, 9.68, 142.0, 0, 0, [], [], 0, 0, 0, [], 1, 0)++
1`(169, 0.5, 4.7, 2.47, 142.0, 0, 0, [], [], 0, 0, 0, [], 1, 0)++
1`(170, 0.5, 95.7, 32.74, 142.0, 0, 0, [], [], 0, 0, 0, [], 1, 0)++
1`(171, 0.5, 73.22, 6.84, 142.0, 0, 0, [], [], 0, 0, 0, [], 1, 0)++
1`(172, 0.5, 20.45, 81.86, 142.0, 0, 0, [], [], 0, 0, 0, [], 1, 0)++
1`(173, 0.5, 82.5, 75.65, 142.0, 0, 0, [], [], 0, 0, 0, [], 1, 0)++
1`(174, 0.5, 74.99, 69.52, 142.0, 0, 0, [], [], 0, 0, 0, [], 1, 0)++
1`(175, 0.5, 63.43, 60.39, 142.0, 0, 0, [], [], 0, 0, 0, [], 1, 0)++
1`(176, 0.5, 76.68, 90.61, 142.0, 0, 0, [], [], 0, 0, 0, [], 1, 0)++
1`(177, 0.5, 79.81, 95.64, 142.0, 0, 0, [], [], 0, 0, 0, [], 1, 0)++
1`(178, 0.5, 54.38, 4.65, 142.0, 0, 0, [], [], 0, 0, 0, [], 1, 0)++
1`(179, 0.5, 23.88, 53.36, 142.0, 0, 0, [], [], 0, 0, 0, [], 1, 0)++
1`(180, 0.5, 71.16, 33.32, 142.0, 0, 0, [], [], 0, 0, 0, [], 1, 0)++
1`(181, 0.5, 25.93, 85.12, 142.0, 0, 0, [], [], 0, 0, 0, [], 1, 0)++
1`(182, 0.5, 69.63, 90.96, 142.0, 0, 0, [], [], 0, 0, 0, [], 1, 0)++
1`(183, 0.5, 98.82, 23.46, 142.0, 0, 0, [], [], 0, 0, 0, [], 1, 0)++
1`(184, 0.5, 67.14, 6.97, 142.0, 0, 0, [], [], 0, 0, 0, [], 1, 0)++
1`(185, 0.5, 58.58, 70.47, 142.0, 0, 0, [], [], 0, 0, 0, [], 1, 0)++
1`(186, 0.5, 22.31, 73.14, 142.0, 0, 0, [], [], 0, 0, 0, [], 1, 0)++
1`(187, 0.5, 89.37, 96.28, 142.0, 0, 0, [], [], 0, 0, 0, [], 1, 0)++
1`(188, 0.5, 41.14, 33.84, 142.0, 0, 0, [], [], 0, 0, 0, [], 1, 0)++
1`(189, 0.5, 0.89, 33.82, 142.0, 0, 0, [], [], 0, 0, 0, [], 1, 0)++
1`(190, 0.5, 13.66, 51.02, 142.0, 0, 0, [], [], 0, 0, 0, [], 1, 0)++
1`(191, 0.5, 35.86, 65.02, 142.0, 0, 0, [], [], 0, 0, 0, [], 1, 0)++
1`(192, 0.5, 50.88, 68.81, 142.0, 0, 0, [], [], 0, 0, 0, [], 1, 0)++
1`(193, 0.5, 8.87, 57.51, 142.0, 0, 0, [], [], 0, 0, 0, [], 1, 0)++
1`(194, 0.5, 13.22, 26.43, 142.0, 0, 0, [], [], 0, 0, 0, [], 1, 0)++
1`(195, 0.5, 90.91, 65.69, 142.0, 0, 0, [], [], 0, 0, 0, [], 1, 0)++
1`(196, 0.5, 85.45, 55.54, 142.0, 0, 0, [], [], 0, 0, 0, [], 1, 0)++
1`(197, 0.5, 36.83, 88.07, 142.0, 0, 0, [], [], 0, 0, 0, [], 1, 0)++
1`(198, 0.5, 59.4, 62.15, 142.0, 0, 0, [], [], 0, 0, 0, [], 1, 0)++
1`(199, 0.5, 17.18, 62.53, 142.0, 0, 0, [], [], 0, 0, 0, [], 1, 0)++
1`(200, 0.5, 7.36, 17.07, 142.0, 0, 0, [], [], 0, 0, 0, [], 1, 0)++
1`(201, 0.5, 1.47, 72.13, 142.0, 0, 0, [], [], 0, 0, 0, [], 1, 0)++
1`(202, 0.5, 77.56, 87.9, 142.0, 0, 0, [], [], 0, 0, 0, [], 1, 0)++
1`(203, 0.5, 32.15, 30.73, 142.0, 0, 0, [], [], 0, 0, 0, [], 1, 0)++
1`(204, 0.5, 38.36, 96.7, 142.0, 0, 0, [], [], 0, 0, 0, [], 1, 0)++
1`(205, 0.5, 91.85, 41.35, 142.0, 0, 0, [], [], 0, 0, 0, [], 1, 0)++
1`(206, 0.5, 20.18, 76.63, 142.0, 0, 0, [], [], 0, 0, 0, [], 1, 0)++
1`(207, 0.5, 93.72, 51.61, 142.0, 0, 0, [], [], 0, 0, 0, [], 1, 0)++
1`(208, 0.5, 53.36, 52.14, 142.0, 0, 0, [], [], 0, 0, 0, [], 1, 0)++
1`(209, 0.5, 90.53, 30.74, 142.0, 0, 0, [], [], 0, 0, 0, [], 1, 0)++
1`(210, 0.5, 1.88, 93.28, 142.0, 0, 0, [], [], 0, 0, 0, [], 1, 0)++
1`(211, 0.5, 24.58, 6.59, 142.0, 0, 0, [], [], 0, 0, 0, [], 1, 0)++
1`(212, 0.5, 64.32, 55.6, 142.0, 0, 0, [], [], 0, 0, 0, [], 1, 0)++
1`(213, 0.5, 94.41, 38.04, 142.0, 0, 0, [], [], 0, 0, 0, [], 1, 0)++
1`(214, 0.5, 85.56, 90.93, 142.0, 0, 0, [], [], 0, 0, 0, [], 1, 0)++
1`(215, 0.5, 52.34, 92.34, 142.0, 0, 0, [], [], 0, 0, 0, [], 1, 0)++
1`(216, 0.5, 42.67, 7.19, 142.0, 0, 0, [], [], 0, 0, 0, [], 1, 0)++
1`(217, 0.5, 53.75, 60.39, 142.0, 0, 0, [], [], 0, 0, 0, [], 1, 0)++
1`(218, 0.5, 53.17, 24.81, 142.0, 0, 0, [], [], 0, 0, 0, [], 1, 0)++
1`(219, 0.5, 89.05, 32.91, 142.0, 0, 0, [], [], 0, 0, 0, [], 1, 0)++
1`(220, 0.5, 37.91, 51.05, 142.0, 0, 0, [], [], 0, 0, 0, [], 1, 0)++
1`(221, 0.5, 81.77, 39.14, 142.0, 0, 0, [], [], 0, 0, 0, [], 1, 0)++
1`(222, 0.5, 78.16, 0.54, 142.0, 0, 0, [], [], 0, 0, 0, [], 1, 0)++
1`(223, 0.5, 47.36, 3.03, 142.0, 0, 0, [], [], 0, 0, 0, [], 1, 0)++
1`(224, 0.5, 28.18, 50.45, 142.0, 0, 0, [], [], 0, 0, 0, [], 1, 0)++
1`(225, 0.5, 31.52, 57.91, 142.0, 0, 0, [], [], 0, 0, 0, [], 1, 0)++
1`(226, 0.5, 84.2, 56.57, 142.0, 0, 0, [], [], 0, 0, 0, [], 1, 0)++
1`(227, 0.5, 22.58, 85.19, 142.0, 0, 0, [], [], 0, 0, 0, [], 1, 0)++
1`(228, 0.5, 84.87, 58.97, 142.0, 0, 0, [], [], 0, 0, 0, [], 1, 0)++
1`(229, 0.5, 23.34, 13.95, 142.0, 0, 0, [], [], 0, 0, 0, [], 1, 0)++
1`(230, 0.5, 50.71, 52.84, 142.0, 0, 0, [], [], 0, 0, 0, [], 1, 0)++
1`(231, 0.5, 31.52, 99.12, 142.0, 0, 0, [], [], 0, 0, 0, [], 1, 0)++
1`(232, 0.5, 46.49, 12.15, 142.0, 0, 0, [], [], 0, 0, 0, [], 1, 0)++
1`(233, 0.5, 67.93, 72.0, 142.0, 0, 0, [], [], 0, 0, 0, [], 1, 0)++
1`(234, 0.5, 93.99, 87.67, 142.0, 0, 0, [], [], 0, 0, 0, [], 1, 0)++
1`(235, 0.5, 71.06, 94.64, 142.0, 0, 0, [], [], 0, 0, 0, [], 1, 0)++
1`(236, 0.5, 79.7, 94.05, 142.0, 0, 0, [], [], 0, 0, 0, [], 1, 0)++
1`(237, 0.5, 26.87, 60.0, 142.0, 0, 0, [], [], 0, 0, 0, [], 1, 0)++
1`(238, 0.5, 66.24, 54.1, 142.0, 0, 0, [], [], 0, 0, 0, [], 1, 0)++
1`(239, 0.5, 27.5, 80.24, 142.0, 0, 0, [], [], 0, 0, 0, [], 1, 0)++
1`(240, 0.5, 72.3, 69.96, 142.0, 0, 0, [], [], 0, 0, 0, [], 1, 0)++
1`(241, 0.5, 22.77, 91.19, 142.0, 0, 0, [], [], 0, 0, 0, [], 1, 0)++
1`(242, 0.5, 89.97, 46.64, 142.0, 0, 0, [], [], 0, 0, 0, [], 1, 0)++
1`(243, 0.5, 60.92, 74.87, 142.0, 0, 0, [], [], 0, 0, 0, [], 1, 0)++
1`(244, 0.5, 30.58, 96.48, 142.0, 0, 0, [], [], 0, 0, 0, [], 1, 0)++
1`(245, 0.5, 19.88, 57.48, 142.0, 0, 0, [], [], 0, 0, 0, [], 1, 0)++
1`(246, 0.5, 18.19, 55.0, 142.0, 0, 0, [], [], 0, 0, 0, [], 1, 0)++
1`(247, 0.5, 97.71, 56.35, 142.0, 0, 0, [], [], 0, 0, 0, [], 1, 0)++
1`(248, 0.5, 29.55, 96.42, 142.0, 0, 0, [], [], 0, 0, 0, [], 1, 0)++
1`(249, 0.5, 88.23, 21.14, 142.0, 0, 0, [], [], 0, 0, 0, [], 1, 0)++
1`(250, 0.5, 70.92, 27.46, 142.0, 0, 0, [], [], 0, 0, 0, [], 1, 0)
