1`(1, 0.5, 85.29, 41.84, 142.0, 0, 0, [], [], 0, 0, 0, [], 1, 0)++
1`(2, 0.5, 30.04, 96.6, 142.0, 0, 0, [], [], 0, 0, 0, [], 1, 0)++
1`(3, 0.5, 69.19, 87.11, 142.0, 0, 0, [], [], 0, 0, 0, [], 1, 0)++
1`(4, 0.5, 91.7, 89.77, 142.0, 0, 0, [], [], 0, 0, 0, [], 1, 0)++
1`(5, 0.5, 29.22, 26.81, 142.0, 0, 0, [], [], 0, 0, 0, [], 1, 0)++
1`(6, 0.5, 68.69, 86.93, 142.0, 0, 0, [], [], 0, 0, 0, [], 1, 0)++
1`(7, 0.5, 90.05, 59.76, 142.0, 0, 0, [], [], 0, 0, 0, [], 1, 0)++
1`(8, 0.5, 12.78, 64.62, 142.0, 0, 0, [], [], 0, 0, 0, [], 1, 0)++
1`(9, 0.5, 0.13, 19.98, 142.0, 0, 0, [], [], 0, 0, 0, [], 1, 0)++
1`(10, 0.5, 75.99, 16.65, 142.0, 0, 0, [], [], 0, 0, 0, [], 1, 0)++
1`(11, 0.5, 8.07, 98.9, 142.0, 0, 0, [], [], 0, 0, 0, [], 1, 0)++
1`(12, 0.5, 84.56, 49.85, 142.0, 0, 0, [], [], 0, 0, 0, [], 1, 0)++
1`(13, 0.5, 91.49, 20.24, 142.0, 0, 0, [], [], 0, 0, 0, [], 1, 0)++
1`(14, 0.5, 54.13, 48.05, 142.0, 0, 0, [], [], 0, 0, 0, [], 1, 0)++
1`(15, 0.5, 43.36, 83.3, 142.0, 0, 0, [], [], 0, 0, 0, [], 1, 0)++
1`(16, 0.5, 63.2, 88.04, 142.0, 0, 0, [], [], 0, 0, 0, [], 1, 0)++
1`(17, 0.5, 70.51, 15.12, 142.0, 0, 0, [], [], 0, 0, 0, [], 1, 0)++
1`(18, 0.5, 65.32, 71.1, 142.0, 0, 0, [], [], 0, 0, 0, [], 1, 0)++
1`(19, 0.5, 88.54, 93.03, 142.0, 0, 0, [], [], 0, 0, 0, [], 1, 0)++
1`(20, 0.5, 14.08, 15.35, 142.0, 0, 0, [], [], 0, 0, 0, [], 1, 0)++
1`(21, 0.5, 38.02, 92.65, 142.0, 0, 0, [], [], 0, 0, 0, [], 1, 0)++
1`(22, 0.5, 46.84, 60.53, 142.0, 0, 0, [], [], 0, 0, 0, [], 1, 0)++
1`(23, 0.5, 93.39, 81.39, 142.0, 0, 0, [], [], 0, 0, 0, [], 1, 0)++
1`(24, 0.5, 52.79, 61.86, 142.0, 0, 0, [], [], 0, 0, 0, [], 1, 0)++
1`(25, 0.5, 95.15, 35.99, 142.0, 0, 0, [], [], 0, 0, 0, [], 1, 0)++
1`(26, 0.5, 61.92, 33.05, 142.0, 0, 0, [], [], 0, 0, 0, [], 1, 0)++
1`(27, 0.5, 10.27, 64.24, 142.0, 0, 0, [], [], 0, 0, 0, [], 1, 0)++
1`(28, 0.5, 0.65, 5.84, 142.0, 0, 0, [], [], 0, 0, 0, [], 1, 0)++
1`(29, 0.5, 84.31, 94.24, 142.0, 0, 0, [], [], 0, 0, 0, [], 1, 0)++
1`(30, 0.5, 32.06, 46.92, 142.0, 0, 0, [], [], 0, 0, 0, [], 1, 0)++
1`(31, 0.5, 61.71, 25.98, 142.0, 0, 0, [], [], 0, 0, 0, [], 1, 0)++
1`(32, 0.5, 83.22, 89.21, 142.0, 0, 0, [], [], 0, 0, 0, [], 1, 0)++
1`(33, 0.5, 75.78, 42.9, 142.0, 0, 0, [], [], 0, 0, 0, [], 1, 0)++
1`(34, 0.5, 39.87, 66.0, 142.0, 0, 0, [], [], 0, 0, 0, [], 1, 0)++
1`(35, 0.5, 27.57, 22.64, 142.0, 0, 0, [], [], 0, 0, 0, [], 1, 0)++
1`(36, 0.5, 1.33, 10.59, 142.0, 0, 0, [], [], 0, 0, 0, [], 1, 0)++
1`(37, 0.5, 28.14, 16.91, 142.0, 0, 0, [], [], 0, 0, 0, [], 1, 0)++
1`(38, 0.5, 31.23, 43.26, 142.0, 0, 0, [], [], 0, 0, 0, [], 1, 0)++
1`(39, 0.5, 80.3, 65.51, 142.0, 0, 0, [], [], 0, 0, 0, [], 1, 0)++
1`(40, 0.5, 44.07, 72.12, 142.0, 0, 0, [], [], 0, 0, 0, [], 1, 0)++
1`(41, 0.5, 30.1, 41.47, 142.0, 0, 0, [], [], 0, 0, 0, [], 1, 0)++
1`(42, 0.5, 10.62, 37.49, 142.0, 0, 0, [], [], 0, 0, 0, [], 1, 0)++
1`(43, 0.5, 49.2, 1.59, 142.0, 0, 0, [], [], 0, 0, 0, [], 1, 0)++
1`(44, 0.5, 67.39, 83.73, 142.0, 0, 0, [], [], 0, 0, 0, [], 1, 0)++
1`(45, 0.5, 67.04, 32.38, 142.0, 0, 0, [], [], 0, 0, 0, [], 1, 0)++
1`(46, 0.5, 39.75, 53.58, 142.0, 0, 0, [], [], 0, 0, 0, [], 1, 0)++
1`(47, 0.5, 30.79, 52.77, 142.0, 0, 0, [], [], 0, 0, 0, [], 1, 0)++
1`(48, 0.5, 63.8, 83.02, 142.0, 0, 0, [], [], 0, 0, 0, [], 1, 0)++
1`(49, 0.5, 4.4, 31.16, 142.0, 0, 0, [], [], 0, 0, 0, [], 1, 0)++
1`(50, 0.5, 80.28, 64.47, 142.0, 0, 0, [], [], 0, 0, 0, [], 1, 0)++
1`(51, 0.5, 48.84, 63.43, 142.0, 0, 0, [], [], 0, 0, 0, [], 1, 0)++
1`(52, 0.5, 1.27, 66.03, 142.0, 0, 0, [], [], 0, 0, 0, [], 1, 0)++
1`(53, 0.5, 4.19, 24.95, 142.0, 0, 0, [], [], 0, 0, 0, [], 1, 0)++
1`(54, 0.5, 90.94, 40.79, 142.0, 0, 0, [], [], 0, 0, 0, [], 1, 0)++
1`(55, 0.5, 70.53, 58.08, 142.0, 0, 0, [], [], 0, 0, 0, [], 1, 0)++
1`(56, 0.5, 47.6, 98.59, 142.0, 0, 0, [], [], 0, 0, 0, [], 1, 0)++
1`(57, 0.5, 71.99, 90.08, 142.0, 0, 0, [], [], 0, 0, 0, [], 1, 0)++
1`(58, 0.5, 74.38, 54.67, 142.0, 0, 0, [], [], 0, 0, 0, [], 1, 0)++
1`(59, 0.5, 74.2, 77.94, 142.0, 0, 0, [], [], 0, 0, 0, [], 1, 0)++
1`(60, 0.5, 18.51, 30.86, 142.0, 0, 0, [], [], 0, 0, 0, [], 1, 0)++
1`(61, 0.5, 6.7, 3.17, 142.0, 0, 0, [], [], 0, 0, 0, [], 1, 0)++
1`(62, 0.5, 95.93, 49.39, 142.0, 0, 0, [], [], 0, 0, 0, [], 1, 0)++
1`(63, 0.5, 84.94, 93.68, 142.0, 0, 0, [], [], 0, 0, 0, [], 1, 0)++
1`(64, 0.5, 81.7, 1.1, 142.0, 0, 0, [], [], 0, 0, 0, [], 1, 0)++
1`(65, 0.5, 87.71, 95.95, 142.0, 0, 0, [], [], 0, 0, 0, [], 1, 0)++
1`(66, 0.5, 56.38, 97.47, 142.0, 0, 0, [], [], 0, 0, 0, [], 1, 0)++
1`(67, 0.5, 0.17, 85.03, 142.0, 0, 0, [], [], 0, 0, 0, [], 1, 0)++
1`(68, 0.5, 1.53, 32.45, 142.0, 0, 0, [], [], 0, 0, 0, [], 1, 0)++
1`(69, 0.5, 57.95, 82.15, 142.0, 0, 0, [], [], 0, 0, 0, [], 1, 0)++
1`(70, 0.5, 65.38, 8.46, 142.0, 0, 0, [], [], 0, 0, 0, [], 1, 0)++
1`(71, 0.5, 52.44, 21.15, 142.0, 0, 0, [], [], 0, 0, 0, [], 1, 0)++
1`(72, 0.5, 58.02, 46.9, 142.0, 0, 0, [], [], 0, 0, 0, [], 1, 0)++
1`(73, 0.5, 91.09, 41.86, 142.0, 0, 0, [], [], 0, 0, 0, [], 1, 0)++
1`(74, 0.5, 1.02, 80.9, 142.0, 0, 0, [], [], 0, 0, 0, [], 1, 0)++
1`(75, 0.5, 46.8, 27.55, 142.0, 0, 0, [], [], 0, 0, 0, [], 1, 0)++
1`(76, 0.5, 65.87, 89.52, 142.0, 0, 0, [], [], 0, 0, 0, [], 1, 0)++
1`(77, 0.5, 57.69, 1.85, 142.0, 0, 0, [], [], 0, 0, 0, [], 1, 0)++
1`(78, 0.5, 49.7, 1.59, 142.0, 0, 0, [], [], 0, 0, 0, [], 1, 0)++
1`(79, 0.5, 81.41, 47.6, 142.0, 0, 0, [], [], 0, 0, 0, [], 1, 0)++
1`(80, 0.5, 55.48, 61.2, 142.0, 0, 0, [], [], 0, 0, 0, [], 1, 0)++
1`(81, 0.5, 41.12, 47.69, 142.0, 0, 0, [], [], 0, 0, 0, [], 1, 0)++
1`(82, 0.5, 19.49, 57.5, 142.0, 0, 0, [], [], 0, 0, 0, [], 1, 0)++
1`(83, 0.5, 79.64, 6.72, 142.0, 0, 0, [], [], 0, 0, 0, [], 1, 0)++
1`(84, 0.5, 84.34, 86.43, 142.0, 0, 0, [], [], 0, 0, 0, [], 1, 0)++
1`(85, 0.5, 88.31, 91.86, 142.0, 0, 0, [], [], 0, 0, 0, [], 1, 0)++
1`(86, 0.5, 26.65, 67.65, 142.0, 0, 0, [], [], 0, 0, 0, [], 1, 0)++
1`(87, 0.5, 9.43, 85.53, 142.0, 0, 0, [], [], 0, 0, 0, [], 1, 0)++
1`(88, 0.5, 57.4, 36.46, 142.0, 0, 0, [], [], 0, 0, 0, [], 1, 0)++
1`(89, 0.5, 96.22, 36.38, 142.0, 0, 0, [], [], 0, 0, 0, [], 1, 0)++
1`(90, 0.5, 21.27, 17.92, 142.0, 0, 0, [], [], 0, 0, 0, [], 1, 0)++
1`(91, 0.5, 50.96, 96.23, 142.0, 0, 0, [], [], 0, 0, 0, [], 1, 0)++
1`(92, 0.5, 13.86, 36.88, 142.0, 0, 0, [], [], 0, 0, 0, [], 1, 0)++
1`(93, 0.5, 0.66, 66.45, 142.0, 0, 0, [], [], 0, 0, 0, [], 1, 0)++
1`(94, 0.5, 0.74, 2.43, 142.0, 0, 0, [], [], 0, 0, 0, [], 1, 0)++
1`(95, 0.5, 3.45, 14.12, 142.0, 0, 0, [], [], 0, 0, 0, [], 1, 0)++
1`(96, 0.5, 96.58, 48.74, 142.0, 0, 0, [], [], 0, 0, 0, [], 1, 0)++
1`(97, 0.5, 65.13, 26.61, 142.0, 0, 0, [], [], 0, 0, 0, [], 1, 0)++
1`(98, 0.5, 4.26, 94.03, 142.0, 0, 0, [], [], 0, 0, 0, [], 1, 0)++
1`(99, 0.5, 8.6, 6.34, 142.0, 0, 0, [], [], 0, 0, 0, [], 1, 0)++
1`(100, 0.5, 8.56, 25.71, 142.0, 0, 0, [], [], 0, 0, 0, [], 1, 0)++
1`(101, 0.5, 24.04, 79.21, 142.0, 0, 0, [], [], 0, 0, 0, [], 1, 0)++
1`(102, 0.5, 42.12, 36.51, 142.0, 0, 0, [], [], 0, 0, 0, [], 1, 0)++
1`(103, 0.5, 14.5, 71.06, 142.0, 0, 0, [], [], 0, 0, 0, [], 1, 0)++
1`(104, 0.5, 82.51, 49.01, 142.0, 0, 0, [], [], 0, 0, 0, [], 1, 0)++
1`(105, 0.5, 30.94, 34.54, 142.0, 0, 0, [], [], 0, 0, 0, [], 1, 0)++
1`(106, 0.5, 7.26, 16.33, 142.0, 0, 0, [], [], 0, 0, 0, [], 1, 0)++
1`(107, 0.5, 25.88, 94.76, 142.0, 0, 0, [], [], 0, 0, 0, [], 1, 0)++
1`(108, 0.5, 53.98, 12.38, 142.0, 0, 0, [], [], 0, 0, 0, [], 1, 0)++
1`(109, 0.5, 61.7, 52.32, 142.0, 0, 0, [], [], 0, 0, 0, [], 1, 0)++
1`(110, 0.5, 64.19, 39.63, 142.0, 0, 0, [], [], 0, 0, 0, [], 1, 0)++
1`(111, 0.5, 83.39, 21.86, 142.0, 0, 0, [], [], 0, 0, 0, [], 1, 0)++
1`(112, 0.5, 35.47, 13.51, 142.0, 0, 0, [], [], 0, 0, 0, [], 1, 0)++
1`(113, 0.5, 32.33, 5.92, 142.0, 0, 0, [], [], 0, 0, 0, [], 1, 0)++
1`(114, 0.5, 64.02, 43.92, 142.0, 0, 0, [], [], 0, 0, 0, [], 1, 0)++
1`(115, 0.5, 36.64, 67.01, 142.0, 0, 0, [], [], 0, 0, 0, [], 1, 0)++
1`(116, 0.5, 48.44, 30.66, 142.0, 0, 0, [], [], 0, 0, 0, [], 1, 0)++
1`(117, 0.5, 76.65, 60.11, 142.0, 0, 0, [], [], 0, 0, 0, [], 1, 0)++
1`(118, 0.5, 6.39, 4.57, 142.0, 0, 0, [], [], 0, 0, 0, [], 1, 0)++
1`(119, 0.5, 17.73, 8.23, 142.0, 0, 0, [], [], 0, 0, 0, [], 1, 0)++
1`(120, 0.5, 55.34, 14.27, 142.0, 0, 0, [], [], 0, 0, 0, [], 1, 0)++
1`(121, 0.5, 33.9, 8.92, 142.0, 0, 0, [], [], 0, 0, 0, [], 1, 0)++
1`(122, 0.5, 65.63, 82.2, 142.0, 0, 0, [], [], 0, 0, 0, [], 1, 0)++
1`(123, 0.5, 82.48, 82.01, 142.0, 0, 0, [], [], 0, 0, 0, [], 1, 0)++
1`(124, 0.5, 58.34, 48.09, 142.0, 0, 0, [], [], 0, 0, 0, [], 1, 0)++
1`(125, 0.5, 74.04, 34.08, 142.0, 0, 0, [], [], 0, 0, 0, [], 1, 0)++
1`(126, 0.5, 20.21, 40.8, 142.0, 0, 0, [], [], 0, 0, 0, [], 1, 0)++
1`(127, 0.5, 40.26, 66.9, 142.0, 0, 0, [], [], 0, 0, 0, [], 1, 0)++
1`(128, 0.5, 53.96, 94.5, 142.0, 0, 0, [], [], 0, 0, 0, [], 1, 0)++
1`(129, 0.5, 18.57, 72.6, 142.0, 0, 0, [], [], 0, 0, 0, [], 1, 0)++
1`(130, 0.5, 19.05, 2.4, 142.0, 0, 0, [], [], 0, 0, 0, [], 1, 0)++
1`(131, 0.5, 78.69, 58.48, 142.0, 0, 0, [], [], 0, 0, 0, [], 1, 0)++
1`(132, 0.5, 36.48, 62.9, 142.0, 0, 0, [], [], 0, 0, 0, [], 1, 0)++
1`(133, 0.5, 50.3, 13.22, 142.0, 0, 0, [], [], 0, 0, 0, [], 1, 0)++
1`(134, 0.5, 10.16, 2.87, 142.0, 0, 0, [], [], 0, 0, 0, [], 1, 0)++
1`(135, 0.5, 55.34, 10.58, 142.0, 0, 0, [], [], 0, 0, 0, [], 1, 0)++
1`(136, 0.5, 12.82, 37.62, 142.0, 0, 0, [], [], 0, 0, 0, [], 1, 0)++
1`(137, 0.5, 62.0, 85.46, 142.0, 0, 0, [], [], 0, 0, 0, [], 1, 0)++
1`(138, 0.5, 60.3, 54.44, 142.0, 0, 0, [], [], 0, 0, 0, [], 1, 0)++
1`(139, 0.5, 65.01, 91.7, 142.0, 0, 0, [], [], 0, 0, 0, [], 1, 0)++
1`(140, 0.5, 73.32, 28.18, 142.0, 0, 0, [], [], 0, 0, 0, [], 1, 0)++
1`(141, 0.5, 36.63, 51.25, 142.0, 0, 0, [], [], 0, 0, 0, [], 1, 0)++
1`(142, 0.5, 49.58, 21.58, 142.0, 0, 0, [], [], 0, 0, 0, [], 1, 0)++
1`(143, 0.5, 86.07, 6.83, 142.0, 0, 0, [], [], 0, 0, 0, [], 1, 0)++
1`(144, 0.5, 24.41, 84.69, 142.0, 0, 0, [], [], 0, 0, 0, [], 1, 0)++
1`(145, 0.5, 9.01, 75.52, 142.0, 0, 0, [], [], 0, 0, 0, [], 1, 0)++
1`(146, 0.5, 49.81, 71.52, 142.0, 0, 0, [], [], 0, 0, 0, [], 1, 0)++
1`(147, 0.5, 53.96, 23.36, 142.0, 0, 0, [], [], 0, 0, 0, [], 1, 0)++
1`(148, 0.5, 67.99, 2.84, 142.0, 0, 0, [], [], 0, 0, 0, [], 1, 0)++
1`(149, 0.5, 94.17, 46.77, 142.0, 0, 0, [], [], 0, 0, 0, [], 1, 0)++
1`(150, 0.5, 41.34, 59.53, 142.0, 0, 0, [], [], 0, 0, 0, [], 1, 0)++
1`(151, 0.5, 47.7, 86.92, 142.0, 0, 0, [], [], 0, 0, 0, [], 1, 0)++
1`(152, 0.5, 98.44, 63.3, 142.0, 0, 0, [], [], 0, 0, 0, [], 1, 0)++
1`(153, 0.5, 61.33, 64.77, 142.0, 0, 0, [], [], 0, 0, 0, [], 1, 0)++
1`(154, 0.5, 65.13, 40.59, 142.0, 0, 0, [], [], 0, 0, 0, [], 1, 0)++
1`(155, 0.5, 42.19, 6.2, 142.0, 0, 0, [], [], 0, 0, 0, [], 1, 0)++
1`(156, 0.5, 36.8, 4.92, 142.0, 0, 0, [], [], 0, 0, 0, [], 1, 0)++
1`(157, 0.5, 67.93, 22.55, 142.0, 0, 0, [], [], 0, 0, 0, [], 1, 0)++
1`(158, 0.5, 79.25, 10.37, 142.0, 0, 0, [], [], 0, 0, 0, [], 1, 0)++
1`(159, 0.5, 51.1, 18.0, 142.0, 0, 0, [], [], 0, 0, 0, [], 1, 0)++
1`(160, 0.5, 35.79, 14.16, 142.0, 0, 0, [], [], 0, 0, 0, [], 1, 0)++
1`(161, 0.5, 23.92, 63.96, 142.0, 0, 0, [], [], 0, 0, 0, [], 1, 0)++
1`(162, 0.5, 61.44, 66.58, 142.0, 0, 0, [], [], 0, 0, 0, [], 1, 0)++
1`(163, 0.5, 58.9, 40.19, 142.0, 0, 0, [], [], 0, 0, 0, [], 1, 0)++
1`(164, 0.5, 71.63, 45.62, 142.0, 0, 0, [], [], 0, 0, 0, [], 1, 0)++
1`(165, 0.5, 12.87, 55.09, 142.0, 0, 0, [], [], 0, 0, 0, [], 1, 0)++
1`(166, 0.5, 56.55, 21.43, 142.0, 0, 0, [], [], 0, 0, 0, [], 1, 0)++
1`(167, 0.5, 66.61, 91.85, 142.0, 0, 0, [], [], 0, 0, 0, [], 1, 0)++
1`(168, 0.5, 88.17, 59.54, 142.0, 0, 0, [], [], 0, 0, 0, [], 1, 0)++
1`(169, 0.5, 20.35, 73.5, 142.0, 0, 0, [], [], 0, 0, 0, [], 1, 0)++
1`(170, 0.5, 53.94, 28.49, 142.0, 0, 0, [], [], 0, 0, 0, [], 1, 0)++
1`(171, 0.5, 49.94, 49.33, 142.0, 0, 0, [], [], 0, 0, 0, [], 1, 0)++
1`(172, 0.5, 23.74, 7.31, 142.0, 0, 0, [], [], 0, 0, 0, [], 1, 0)++
1`(173, 0.5, 0.48, 95.34, 142.0, 0, 0, [], [], 0, 0, 0, [], 1, 0)++
1`(174, 0.5, 13.77, 96.37, 142.0, 0, 0, [], [], 0, 0, 0, [], 1, 0)++
1`(175, 0.5, 59.38, 7.3, 142.0, 0, 0, [], [], 0, 0, 0, [], 1, 0)++
1`(176, 0.5, 79.07, 20.95, 142.0, 0, 0, [], [], 0, 0, 0, [], 1, 0)++
1`(177, 0.5, 88.35, 78.44, 142.0, 0, 0, [], [], 0, 0, 0, [], 1, 0)++
1`(178, 0.5, 59.02, 96.37, 142.0, 0, 0, [], [], 0, 0, 0, [], 1, 0)++
1`(179, 0.5, 68.67, 86.12, 142.0, 0, 0, [], [], 0, 0, 0, [], 1, 0)++
1`(180, 0.5, 96.08, 45.08, 142.0, 0, 0, [], [], 0, 0, 0, [], 1, 0)++
1`(181, 0.5, 11.95, 65.39, 142.0, 0, 0, [], [], 0, 0, 0, [], 1, 0)++
1`(182, 0.5, 56.75, 40.07, 142.0, 0, 0, [], [], 0, 0, 0, [], 1, 0)++
1`(183, 0.5, 92.91, 95.97, 142.0, 0, 0, [], [], 0, 0, 0, [], 1, 0)++
1`(184, 0.5, 83.59, 18.47, 142.0, 0, 0, [], [], 0, 0, 0, [], 1, 0)++
1`(185, 0.5, 1.97, 23.13, 142.0, 0, 0, [], [], 0, 0, 0, [], 1, 0)++
1`(186, 0.5, 22.2, 50.6, 142.0, 0, 0, [], [], 0, 0, 0, [], 1, 0)++
1`(187, 0.5, 43.5, 44.75, 142.0, 0, 0, [], [], 0, 0, 0, [], 1, 0)++
1`(188, 0.5, 47.24, 39.67, 142.0, 0, 0, [], [], 0, 0, 0, [], 1, 0)++
1`(189, 0.5, 11.18, 24.0, 142.0, 0, 0, [], [], 0, 0, 0, [], 1, 0)++
1`(190, 0.5, 77.06, 75.14, 142.0, 0, 0, [], [], 0, 0, 0, [], 1, 0)++
1`(191, 0.5, 93.59, 85.84, 142.0, 0, 0, [], [], 0, 0, 0, [], 1, 0)++
1`(192, 0.5, 49.02, 83.61, 142.0, 0, 0, [], [], 0, 0, 0, [], 1, 0)++
1`(193, 0.5, 34.9, 29.37, 142.0, 0, 0, [], [], 0, 0, 0, [], 1, 0)++
1`(194, 0.5, 74.56, 34.34, 142.0, 0, 0, [], [], 0, 0, 0, [], 1, 0)++
1`(195, 0.5, 65.51, 72.54, 142.0, 0, 0, [], [], 0, 0, 0, [], 1, 0)++
1`(196, 0.5, 30.89, 79.63, 142.0, 0, 0, [], [], 0, 0, 0, [], 1, 0)++
1`(197, 0.5, 9.07, 3.18, 142.0, 0, 0, [], [], 0, 0, 0, [], 1, 0)++
1`(198, 0.5, 10.99, 92.61, 142.0, 0, 0, [], [], 0, 0, 0, [], 1, 0)++
1`(199, 0.5, 66.67, 55.34, 142.0, 0, 0, [], [], 0, 0, 0, [], 1, 0)++
1`(200, 0.5, 21.21, 55.96, 142.0, 0, 0, [], [], 0, 0, 0, [], 1, 0)++
1`(201, 0.5, 33.65, 66.61, 142.0, 0, 0, [], [], 0, 0, 0, [], 1, 0)++
1`(202, 0.5, 62.26, 62.79, 142.0, 0, 0, [], [], 0, 0, 0, [], 1, 0)++
1`(203, 0.5, 47.36, 3.21, 142.0, 0, 0, [], [], 0, 0, 0, [], 1, 0)++
1`(204, 0.5, 86.0, 26.72, 142.0, 0, 0, [], [], 0, 0, 0, [], 1, 0)++
1`(205, 0.5, 48.4, 23.34, 142.0, 0, 0, [], [], 0, 0, 0, [], 1, 0)++
1`(206, 0.5, 22.37, 34.22, 142.0, 0, 0, [], [], 0, 0, 0, [], 1, 0)++
1`(207, 0.5, 10.54, 71.43, 142.0, 0, 0, [], [], 0, 0, 0, [], 1, 0)++
1`(208, 0.5, 4.7, 61.08, 142.0, 0, 0, [], [], 0, 0, 0, [], 1, 0)++
1`(209, 0.5, 77.24, 66.51, 142.0, 0, 0, [], [], 0, 0, 0, [], 1, 0)++
1`(210, 0.5, 63.81, 2.98, 142.0, 0, 0, [], [], 0, 0, 0, [], 1, 0)++
1`(211, 0.5, 34.86, 19.7, 142.0, 0, 0, [], [], 0, 0, 0, [], 1, 0)++
1`(212, 0.5, 7.2, 34.76, 142.0, 0, 0, [], [], 0, 0, 0, [], 1, 0)++
1`(213, 0.5, 90.17, 98.09, 142.0, 0, 0, [], [], 0, 0, 0, [], 1, 0)++
1`(214, 0.5, 78.78, 4.69, 142.0, 0, 0, [], [], 0, 0, 0, [], 1, 0)++
1`(215, 0.5, 4.63, 4.3, 142.0, 0, 0, [], [], 0, 0, 0, [], 1, 0)++
1`(216, 0.5, 22.06, 38.17, 142.0, 0, 0, [], [], 0, 0, 0, [], 1, 0)++
1`(217, 0.5, 1.14, 90.0, 142.0, 0, 0, [], [], 0, 0, 0, [], 1, 0)++
1`(218, 0.5, 50.9, 46.8, 142.0, 0, 0, [], [], 0, 0, 0, [], 1, 0)++
1`(219, 0.5, 53.9, 96.59, 142.0, 0, 0, [], [], 0, 0, 0, [], 1, 0)++
1`(220, 0.5, 1.19, 63.85, 142.0, 0, 0, [], [], 0, 0, 0, [], 1, 0)++
1`(221, 0.5, 45.16, 94.61, 142.0, 0, 0, [], [], 0, 0, 0, [], 1, 0)++
1`(222, 0.5, 39.14, 14.01, 142.0, 0, 0, [], [], 0, 0, 0, [], 1, 0)++
1`(223, 0.5, 62.53, 61.85, 142.0, 0, 0, [], [], 0, 0, 0, [], 1, 0)++
1`(224, 0.5, 40.24, 25.87, 142.0, 0, 0, [], [], 0, 0, 0, [], 1, 0)++
1`(225, 0.5, 55.67, 34.52, 142.0, 0, 0, [], [], 0, 0, 0, [], 1, 0)++
1`(226, 0.5, 62.33, 68.53, 142.0, 0, 0, [], [], 0, 0, 0, [], 1, 0)++
1`(227, 0.5, 31.22, 55.34, 142.0, 0, 0, [], [], 0, 0, 0, [], 1, 0)++
1`(228, 0.5, 79.02, 25.95, 142.0, 0, 0, [], [], 0, 0, 0, [], 1, 0)++
1`(229, 0.5, 1.49, 67.54, 142.0, 0, 0, [], [], 0, 0, 0, [], 1, 0)++
1`(230, 0.5, 19.68, 89.46, 142.0, 0, 0, [], [], 0, 0, 0, [], 1, 0)++
1`(231, 0.5, 10.23, 87.89, 142.0, 0, 0, [], [], 0, 0, 0, [], 1, 0)++
1`(232, 0.5, 36.46, 3.8, 142.0, 0, 0, [], [], 0, 0, 0, [], 1, 0)++
1`(233, 0.5, 48.35, 57.9, 142.0, 0, 0, [], [], 0, 0, 0, [], 1, 0)++
1`(234, 0.5, 29.84, 21.53, 142.0, 0, 0, [], [], 0, 0, 0, [], 1, 0)++
1`(235, 0.5, 1.61, 58.28, 142.0, 0, 0, [], [], 0, 0, 0, [], 1, 0)++
1`(236, 0.5, 63.93, 85.55, 142.0, 0, 0, [], [], 0, 0, 0, [], 1, 0)++
1`(237, 0.5, 91.31, 50.75, 142.0, 0, 0, [], [], 0, 0, 0, [], 1, 0)++
1`(238, 0.5, 61.09, 3.91, 142.0, 0, 0, [], [], 0, 0, 0, [], 1, 0)++
1`(239, 0.5, 42.93, 30.39, 142.0, 0, 0, [], [], 0, 0, 0, [], 1, 0)++
1`(240, 0.5, 55.82, 70.1, 142.0, 0, 0, [], [], 0, 0, 0, [], 1, 0)++
1`(241, 0.5, 96.6, 49.51, 142.0, 0, 0, [], [], 0, 0, 0, [], 1, 0)++
1`(242, 0.5, 7.98, 24.04, 142.0, 0, 0, [], [], 0, 0, 0, [], 1, 0)++
1`(243, 0.5, 99.94, 89.87, 142.0, 0, 0, [], [], 0, 0, 0, [], 1, 0)++
1`(244, 0.5, 25.81, 60.04, 142.0, 0, 0, [], [], 0, 0, 0, [], 1, 0)++
1`(245, 0.5, 18.37, 4.59, 142.0, 0, 0, [], [], 0, 0, 0, [], 1, 0)++
1`(246, 0.5, 35.44, 94.06, 142.0, 0, 0, [], [], 0, 0, 0, [], 1, 0)++
1`(247, 0.5, 1.11, 65.01, 142.0, 0, 0, [], [], 0, 0, 0, [], 1, 0)++
1`(248, 0.5, 78.13, 76.04, 142.0, 0, 0, [], [], 0, 0, 0, [], 1, 0)++
1`(249, 0.5, 9.17, 23.96, 142.0, 0, 0, [], [], 0, 0, 0, [], 1, 0)++
1`(250, 0.5, 86.48, 0.88, 142.0, 0, 0, [], [], 0, 0, 0, [], 1, 0)
