1`(1, 0.5, 20.22, 73.12, 142.0, 0, 0, [], [], 0, 0, 0, [], 1, 0)++
1`(2, 0.5, 3.96, 92.76, 142.0, 0, 0, [], [], 0, 0, 0, [], 1, 0)++
1`(3, 0.5, 27.38, 36.98, 142.0, 0, 0, [], [], 0, 0, 0, [], 1, 0)++
1`(4, 0.5, 77.65, 15.58, 142.0, 0, 0, [], [], 0, 0, 0, [], 1, 0)++
1`(5, 0.5, 72.0, 92.15, 142.0, 0, 0, [], [], 0, 0, 0, [], 1, 0)++
1`(6, 0.5, 69.11, 32.07, 142.0, 0, 0, [], [], 0, 0, 0, [], 1, 0)++
1`(7, 0.5, 64.69, 81.17, 142.0, 0, 0, [], [], 0, 0, 0, [], 1, 0)++
1`(8, 0.5, 58.64, 36.14, 142.0, 0, 0, [], [], 0, 0, 0, [], 1, 0)++
1`(9, 0.5, 63.08, 91.95, 142.0, 0, 0, [], [], 0, 0, 0, [], 1, 0)++
1`(10, 0.5, 75.06, 23.86, 142.0, 0, 0, [], [], 0, 0, 0, [], 1, 0)++
1`(11, 0.5, 98.77, 60.94, 142.0, 0, 0, [], [], 0, 0, 0, [], 1, 0)++
1`(12, 0.5, 24.72, 79.51, 142.0, 0, 0, [], [], 0, 0, 0, [], 1, 0)++
1`(13, 0.5, 32.09, 28.79, 142.0, 0, 0, [], [], 0, 0, 0, [], 1, 0)++
1`(14, 0.5, 23.99, 10.44, 142.0, 0, 0, [], [], 0, 0, 0, [], 1, 0)++
1`(15, 0.5, 54.75, 2.99, 142.0, 0, 0, [], [], 0, 0, 0, [], 1, 0)++
1`(16, 0.5, 35.1, 56.19, 142.0, 0, 0, [], [], 0, 0, 0, [], 1, 0)++
1`(17, 0.5, 36.53, 86.74, 142.0, 0, 0, [], [], 0, 0, 0, [], 1, 0)++
1`(18, 0.5, 21.42, 13.19, 142.0, 0, 0, [], [], 0, 0, 0, [], 1, 0)++
1`(19, 0.5, 22.23, 23.7, 142.0, 0, 0, [], [], 0, 0, 0, [], 1, 0)++
1`(20, 0.5, 4.81, 56.81, 142.0, 0, 0, [], [], 0, 0, 0, [], 1, 0)++
1`(21, 0.5, 16.33, 50.03, 142.0, 0, 0, [], [], 0, 0, 0, [], 1, 0)++
1`(22, 0.5, 56.62, 46.12, 142.0, 0, 0, [], [], 0, 0, 0, [], 1, 0)++
1`(23, 0.5, 1.86, 88.37, 142.0, 0, 0, [], [], 0, 0, 0, [], 1, 0)++
1`(24, 0.5, 57.53, 73.64, 142.0, 0, 0, [], [], 0, 0, 0, [], 1, 0)++
1`(25, 0.5, 77.04, 41.99, 142.0, 0, 0, [], [], 0, 0, 0, [], 1, 0)++
1`(26, 0.5, 3.3, 64.4, 142.0, 0, 0, [], [], 0, 0, 0, [], 1, 0)++
1`(27, 0.5, 3.36, 34.18, 142.0, 0, 0, [], [], 0, 0, 0, [], 1, 0)++
1`(28, 0.5, 1.56, 15.43, 142.0, 0, 0, [], [], 0, 0, 0, [], 1, 0)++
1`(29, 0.5, 43.49, 97.08, 142.0, 0, 0, [], [], 0, 0, 0, [], 1, 0)++
1`(30, 0.5, 77.95, 49.62, 142.0, 0, 0, [], [], 0, 0, 0, [], 1, 0)++
1`(31, 0.5, 47.47, 32.07, 142.0, 0, 0, [], [], 0, 0, 0, [], 1, 0)++
1`(32, 0.5, 82.58, 72.41, 142.0, 0, 0, [], [], 0, 0, 0, [], 1, 0)++
1`(33, 0.5, 66.06, 87.55, 142.0, 0, 0, [], [], 0, 0, 0, [], 1, 0)++
1`(34, 0.5, 87.89, 61.88, 142.0, 0, 0, [], [], 0, 0, 0, [], 1, 0)++
1`(35, 0.5, 96.47, 14.71, 142.0, 0, 0, [], [], 0, 0, 0, [], 1, 0)++
1`(36, 0.5, 97.64, 86.68, 142.0, 0, 0, [], [], 0, 0, 0, [], 1, 0)++
1`(37, 0.5, 88.63, 98.94, 142.0, 0, 0, [], [], 0, 0, 0, [], 1, 0)++
1`(38, 0.5, 11.46, 25.91, 142.0, 0, 0, [], [], 0, 0, 0, [], 1, 0)++
1`(39, 0.5, 33.18, 93.98, 142.0, 0, 0, [], [], 0, 0, 0, [], 1, 0)++
1`(40, 0.5, 3.13, 5.91, 142.0, 0, 0, [], [], 0, 0, 0, [], 1, 0)++
1`(41, 0.5, 14.87, 14.07, 142.0, 0, 0, [], [], 0, 0, 0, [], 1, 0)++
1`(42, 0.5, 22.91, 82.99, 142.0, 0, 0, [], [], 0, 0, 0, [], 1, 0)++
1`(43, 0.5, 44.99, 5.32, 142.0, 0, 0, [], [], 0, 0, 0, [], 1, 0)++
1`(44, 0.5, 39.64, 74.83, 142.0, 0, 0, [], [], 0, 0, 0, [], 1, 0)++
1`(45, 0.5, 90.51, 19.71, 142.0, 0, 0, [], [], 0, 0, 0, [], 1, 0)++
1`(46, 0.5, 19.53, 6.55, 142.0, 0, 0, [], [], 0, 0, 0, [], 1, 0)++
1`(47, 0.5, 68.37, 84.32, 142.0, 0, 0, [], [], 0, 0, 0, [], 1, 0)++
1`(48, 0.5, 16.25, 36.06, 142.0, 0, 0, [], [], 0, 0, 0, [], 1, 0)++
1`(49, 0.5, 57.44, 34.85, 142.0, 0, 0, [], [], 0, 0, 0, [], 1, 0)++
1`(50, 0.5, 69.58, 48.2, 142.0, 0, 0, [], [], 0, 0, 0, [], 1, 0)++
1`(51, 0.5, 92.79, 10.8, 142.0, 0, 0, [], [], 0, 0, 0, [], 1, 0)++
1`(52, 0.5, 65.46, 73.93, 142.0, 0, 0, [], [], 0, 0, 0, [], 1, 0)++
1`(53, 0.5, 79.6, 3.99, 142.0, 0, 0, [], [], 0, 0, 0, [], 1, 0)++
1`(54, 0.5, 61.32, 14.71, 142.0, 0, 0, [], [], 0, 0, 0, [], 1, 0)++
1`(55, 0.5, 40.2, 19.18, 142.0, 0, 0, [], [], 0, 0, 0, [], 1, 0)++
1`(56, 0.5, 31.76, 76.08, 142.0, 0, 0, [], [], 0, 0, 0, [], 1, 0)++
1`(57, 0.5, 43.02, 69.53, 142.0, 0, 0, [], [], 0, 0, 0, [], 1, 0)++
1`(58, 0.5, 5.65, 79.64, 142.0, 0, 0, [], [], 0, 0, 0, [], 1, 0)++
1`(59, 0.5, 27.9, 0.99, 142.0, 0, 0, [], [], 0, 0, 0, [], 1, 0)++
1`(60, 0.5, 78.9, 68.89, 142.0, 0, 0, [], [], 0, 0, 0, [], 1, 0)++
1`(61, 0.5, 3.19, 81.55, 142.0, 0, 0, [], [], 0, 0, 0, [], 1, 0)++
1`(62, 0.5, 81.7, 92.77, 142.0, 0, 0, [], [], 0, 0, 0, [], 1, 0)++
1`(63, 0.5, 50.25, 38.97, 142.0, 0, 0, [], [], 0, 0, 0, [], 1, 0)++
1`(64, 0.5, 18.52, 43.21, 142.0, 0, 0, [], [], 0, 0, 0, [], 1, 0)++
1`(65, 0.5, 38.73, 8.86, 142.0, 0, 0, [], [], 0, 0, 0, [], 1, 0)++
1`(66, 0.5, 45.59, 77.72, 142.0, 0, 0, [], [], 0, 0, 0, [], 1, 0)++
1`(67, 0.5, 60.3, 16.63, 142.0, 0, 0, [], [], 0, 0, 0, [], 1, 0)++
1`(68, 0.5, 45.75, 37.97, 142.0, 0, 0, [], [], 0, 0, 0, [], 1, 0)++
1`(69, 0.5, 70.49, 89.3, 142.0, 0, 0, [], [], 0, 0, 0, [], 1, 0)++
1`(70, 0.5, 49.88, 74.67, 142.0, 0, 0, [], [], 0, 0, 0, [], 1, 0)++
1`(71, 0.5, 20.75, 67.81, 142.0, 0, 0, [], [], 0, 0, 0, [], 1, 0)++
1`(72, 0.5, 53.99, 25.97, 142.0, 0, 0, [], [], 0, 0, 0, [], 1, 0)++
1`(73, 0.5, 48.08, 0.28, 142.0, 0, 0, [], [], 0, 0, 0, [], 1, 0)++
1`(74, 0.5, 93.2, 64.79, 142.0, 0, 0, [], [], 0, 0, 0, [], 1, 0)++
1`(75, 0.5, 1.61, 48.24, 142.0, 0, 0, [], [], 0, 0, 0, [], 1, 0)++
1`(76, 0.5, 95.79, 93.85, 142.0, 0, 0, [], [], 0, 0, 0, [], 1, 0)++
1`(77, 0.5, 8.19, 29.18, 142.0, 0, 0, [], [], 0, 0, 0, [], 1, 0)++
1`(78, 0.5, 34.87, 98.39, 142.0, 0, 0, [], [], 0, 0, 0, [], 1, 0)++
1`(79, 0.5, 43.71, 48.83, 142.0, 0, 0, [], [], 0, 0, 0, [], 1, 0)++
1`(80, 0.5, 83.84, 93.43, 142.0, 0, 0, [], [], 0, 0, 0, [], 1, 0)++
1`(81, 0.5, 11.11, 2.67, 142.0, 0, 0, [], [], 0, 0, 0, [], 1, 0)++
1`(82, 0.5, 98.75, 76.0, 142.0, 0, 0, [], [], 0, 0, 0, [], 1, 0)++
1`(83, 0.5, 36.99, 67.24, 142.0, 0, 0, [], [], 0, 0, 0, [], 1, 0)++
1`(84, 0.5, 42.71, 22.48, 142.0, 0, 0, [], [], 0, 0, 0, [], 1, 0)++
1`(85, 0.5, 66.39, 23.76, 142.0, 0, 0, [], [], 0, 0, 0, [], 1, 0)++
1`(86, 0.5, 0.71, 15.98, 142.0, 0, 0, [], [], 0, 0, 0, [], 1, 0)++
1`(87, 0.5, 58.33, 13.98, 142.0, 0, 0, [], [], 0, 0, 0, [], 1, 0)++
1`(88, 0.5, 48.29, 53.49, 142.0, 0, 0, [], [], 0, 0, 0, [], 1, 0)++
1`(89, 0.5, 42.51, 95.37, 142.0, 0, 0, [], [], 0, 0, 0, [], 1, 0)++
1`(90, 0.5, 32.11, 67.63, 142.0, 0, 0, [], [], 0, 0, 0, [], 1, 0)++
1`(91, 0.5, 86.54, 10.91, 142.0, 0, 0, [], [], 0, 0, 0, [], 1, 0)++
1`(92, 0.5, 1.58, 83.19, 142.0, 0, 0, [], [], 0, 0, 0, [], 1, 0)++
1`(93, 0.5, 70.81, 9.15, 142.0, 0, 0, [], [], 0, 0, 0, [], 1, 0)++
1`(94, 0.5, 45.58, 94.93, 142.0, 0, 0, [], [], 0, 0, 0, [], 1, 0)++
1`(95, 0.5, 72.05, 26.26, 142.0, 0, 0, [], [], 0, 0, 0, [], 1, 0)++
1`(96, 0.5, 39.51, 80.88, 142.0, 0, 0, [], [], 0, 0, 0, [], 1, 0)++
1`(97, 0.5, 33.04, 53.92, 142.0, 0, 0, [], [], 0, 0, 0, [], 1, 0)++
1`(98, 0.5, 42.39, 67.4, 142.0, 0, 0, [], [], 0, 0, 0, [], 1, 0)++
1`(99, 0.5, 37.53, 92.85, 142.0, 0, 0, [], [], 0, 0, 0, [], 1, 0)++
1`(100, 0.5, 80.83, 33.73, 142.0, 0, 0, [], [], 0, 0, 0, [], 1, 0)++
1`(101, 0.5, 4.84, 7.95, 142.0, 0, 0, [], [], 0, 0, 0, [], 1, 0)++
1`(102, 0.5, 51.1, 10.87, 142.0, 0, 0, [], [], 0, 0, 0, [], 1, 0)++
1`(103, 0.5, 33.51, 85.61, 142.0, 0, 0, [], [], 0, 0, 0, [], 1, 0)++
1`(104, 0.5, 68.48, 23.69, 142.0, 0, 0, [], [], 0, 0, 0, [], 1, 0)++
1`(105, 0.5, 83.82, 14.0, 142.0, 0, 0, [], [], 0, 0, 0, [], 1, 0)++
1`(106, 0.5, 36.86, 12.3, 142.0, 0, 0, [], [], 0, 0, 0, [], 1, 0)++
1`(107, 0.5, 58.82, 65.73, 142.0, 0, 0, [], [], 0, 0, 0, [], 1, 0)++
1`(108, 0.5, 51.42, 31.97, 142.0, 0, 0, [], [], 0, 0, 0, [], 1, 0)++
1`(109, 0.5, 22.43, 5.88, 142.0, 0, 0, [], [], 0, 0, 0, [], 1, 0)++
1`(110, 0.5, 7.22, 31.82, 142.0, 0, 0, [], [], 0, 0, 0, [], 1, 0)++
1`(111, 0.5, 15.25, 23.81, 142.0, 0, 0, [], [], 0, 0, 0, [], 1, 0)++
1`(112, 0.5, 89.43, 96.03, 142.0, 0, 0, [], [], 0, 0, 0, [], 1, 0)++
1`(113, 0.5, 48.17, 86.19, 142.0, 0, 0, [], [], 0, 0, 0, [], 1, 0)++
1`(114, 0.5, 73.47, 62.6, 142.0, 0, 0, [], [], 0, 0, 0, [], 1, 0)++
1`(115, 0.5, 77.38, 4.0, 142.0, 0, 0, [], [], 0, 0, 0, [], 1, 0)++
1`(116, 0.5, 48.87, 39.93, 142.0, 0, 0, [], [], 0, 0, 0, [], 1, 0)++
1`(117, 0.5, 11.83, 97.12, 142.0, 0, 0, [], [], 0, 0, 0, [], 1, 0)++
1`(118, 0.5, 78.7, 7.89, 142.0, 0, 0, [], [], 0, 0, 0, [], 1, 0)++
1`(119, 0.5, 67.46, 73.29, 142.0, 0, 0, [], [], 0, 0, 0, [], 1, 0)++
1`(120, 0.5, 34.17, 69.99, 142.0, 0, 0, [], [], 0, 0, 0, [], 1, 0)++
1`(121, 0.5, 93.36, 10.4, 142.0, 0, 0, [], [], 0, 0, 0, [], 1, 0)++
1`(122, 0.5, 4.74, 24.38, 142.0, 0, 0, [], [], 0, 0, 0, [], 1, 0)++
1`(123, 0.5, 63.62, 62.1, 142.0, 0, 0, [], [], 0, 0, 0, [], 1, 0)++
1`(124, 0.5, 41.31, 1.98, 142.0, 0, 0, [], [], 0, 0, 0, [], 1, 0)++
1`(125, 0.5, 24.81, 29.39, 142.0, 0, 0, [], [], 0, 0, 0, [], 1, 0)++
1`(126, 0.5, 5.71, 68.58, 142.0, 0, 0, [], [], 0, 0, 0, [], 1, 0)++
1`(127, 0.5, 26.02, 47.89, 142.0, 0, 0, [], [], 0, 0, 0, [], 1, 0)++
1`(128, 0.5, 79.8, 66.14, 142.0, 0, 0, [], [], 0, 0, 0, [], 1, 0)++
1`(129, 0.5, 2.81, 15.27, 142.0, 0, 0, [], [], 0, 0, 0, [], 1, 0)++
1`(130, 0.5, 8.34, 58.68, 142.0, 0, 0, [], [], 0, 0, 0, [], 1, 0)++
1`(131, 0.5, 18.65, 8.15, 142.0, 0, 0, [], [], 0, 0, 0, [], 1, 0)++
1`(132, 0.5, 62.01, 33.13, 142.0, 0, 0, [], [], 0, 0, 0, [], 1, 0)++
1`(133, 0.5, 75.01, 75.99, 142.0, 0, 0, [], [], 0, 0, 0, [], 1, 0)++
1`(134, 0.5, 14.28, 53.77, 142.0, 0, 0, [], [], 0, 0, 0, [], 1, 0)++
1`(135, 0.5, 88.38, 59.76, 142.0, 0, 0, [], [], 0, 0, 0, [], 1, 0)++
1`(136, 0.5, 30.72, 24.31, 142.0, 0, 0, [], [], 0, 0, 0, [], 1, 0)++
1`(137, 0.5, 20.44, 93.96, 142.0, 0, 0, [], [], 0, 0, 0, [], 1, 0)++
1`(138, 0.5, 53.37, 62.52, 142.0, 0, 0, [], [], 0, 0, 0, [], 1, 0)++
1`(139, 0.5, 13.35, 31.82, 142.0, 0, 0, [], [], 0, 0, 0, [], 1, 0)++
1`(140, 0.5, 2.27, 56.48, 142.0, 0, 0, [], [], 0, 0, 0, [], 1, 0)++
1`(141, 0.5, 93.77, 32.98, 142.0, 0, 0, [], [], 0, 0, 0, [], 1, 0)++
1`(142, 0.5, 13.39, 56.48, 142.0, 0, 0, [], [], 0, 0, 0, [], 1, 0)++
1`(143, 0.5, 60.53, 65.64, 142.0, 0, 0, [], [], 0, 0, 0, [], 1, 0)++
1`(144, 0.5, 18.32, 53.64, 142.0, 0, 0, [], [], 0, 0, 0, [], 1, 0)++
1`(145, 0.5, 8.01, 68.99, 142.0, 0, 0, [], [], 0, 0, 0, [], 1, 0)++
1`(146, 0.5, 34.0, 18.83, 142.0, 0, 0, [], [], 0, 0, 0, [], 1, 0)++
1`(147, 0.5, 73.29, 28.26, 142.0, 0, 0, [], [], 0, 0, 0, [], 1, 0)++
1`(148, 0.5, 52.29, 56.66, 142.0, 0, 0, [], [], 0, 0, 0, [], 1, 0)++
1`(149, 0.5, 81.07, 59.58, 142.0, 0, 0, [], [], 0, 0, 0, [], 1, 0)++
1`(150, 0.5, 28.11, 50.6, 142.0, 0, 0, [], [], 0, 0, 0, [], 1, 0)++
1`(151, 0.5, 41.82, 9.97, 142.0, 0, 0, [], [], 0, 0, 0, [], 1, 0)++
1`(152, 0.5, 76.66, 93.36, 142.0, 0, 0, [], [], 0, 0, 0, [], 1, 0)++
1`(153, 0.5, 19.55, 26.44, 142.0, 0, 0, [], [], 0, 0, 0, [], 1, 0)++
1`(154, 0.5, 0.54, 39.97, 142.0, 0, 0, [], [], 0, 0, 0, [], 1, 0)++
1`(155, 0.5, 41.23, 99.01, 142.0, 0, 0, [], [], 0, 0, 0, [], 1, 0)++
1`(156, 0.5, 80.64, 23.62, 142.0, 0, 0, [], [], 0, 0, 0, [], 1, 0)++
1`(157, 0.5, 37.38, 95.15, 142.0, 0, 0, [], [], 0, 0, 0, [], 1, 0)++
1`(158, 0.5, 11.39, 34.97, 142.0, 0, 0, [], [], 0, 0, 0, [], 1, 0)++
1`(159, 0.5, 53.87, 69.68, 142.0, 0, 0, [], [], 0, 0, 0, [], 1, 0)++
1`(160, 0.5, 32.82, 79.06, 142.0, 0, 0, [], [], 0, 0, 0, [], 1, 0)++
1`(161, 0.5, 58.12, 4.59, 142.0, 0, 0, [], [], 0, 0, 0, [], 1, 0)++
1`(162, 0.5, 20.83, 24.38, 142.0, 0, 0, [], [], 0, 0, 0, [], 1, 0)++
1`(163, 0.5, 28.24, 7.82, 142.0, 0, 0, [], [], 0, 0, 0, [], 1, 0)++
1`(164, 0.5, 13.67, 18.57, 142.0, 0, 0, [], [], 0, 0, 0, [], 1, 0)++
1`(165, 0.5, 34.06, 39.74, 142.0, 0, 0, [], [], 0, 0, 0, [], 1, 0)++
1`(166, 0.5, 19.96, 4.23, 142.0, 0, 0, [], [], 0, 0, 0, [], 1, 0)++
1`(167, 0.5, 58.09, 49.58, 142.0, 0, 0, [], [], 0, 0, 0, [], 1, 0)++
1`(168, 0.5, 64.27, 3.82, 142.0, 0, 0, [], [], 0, 0, 0, [], 1, 0)++
1`(169, 0.5, 52.4, 94.12, 142.0, 0, 0, [], [], 0, 0, 0, [], 1, 0)++
1`(170, 0.5, 67.81, 90.86, 142.0, 0, 0, [], [], 0, 0, 0, [], 1, 0)++
1`(171, 0.5, 26.74, 25.16, 142.0, 0, 0, [], [], 0, 0, 0, [], 1, 0)++
1`(172, 0.5, 48.35, 16.62, 142.0, 0, 0, [], [], 0, 0, 0, [], 1, 0)++
1`(173, 0.5, 75.06, 94.95, 142.0, 0, 0, [], [], 0, 0, 0, [], 1, 0)++
1`(174, 0.5, 36.77, 72.32, 142.0, 0, 0, [], [], 0, 0, 0, [], 1, 0)++
1`(175, 0.5, 84.53, 35.55, 142.0, 0, 0, [], [], 0, 0, 0, [], 1, 0)++
1`(176, 0.5, 92.72, 20.51, 142.0, 0, 0, [], [], 0, 0, 0, [], 1, 0)++
1`(177, 0.5, 78.02, 38.89, 142.0, 0, 0, [], [], 0, 0, 0, [], 1, 0)++
1`(178, 0.5, 66.87, 3.4, 142.0, 0, 0, [], [], 0, 0, 0, [], 1, 0)++
1`(179, 0.5, 15.01, 56.96, 142.0, 0, 0, [], [], 0, 0, 0, [], 1, 0)++
1`(180, 0.5, 56.25, 76.1, 142.0, 0, 0, [], [], 0, 0, 0, [], 1, 0)++
1`(181, 0.5, 7.76, 69.92, 142.0, 0, 0, [], [], 0, 0, 0, [], 1, 0)++
1`(182, 0.5, 3.07, 79.53, 142.0, 0, 0, [], [], 0, 0, 0, [], 1, 0)++
1`(183, 0.5, 1.92, 67.53, 142.0, 0, 0, [], [], 0, 0, 0, [], 1, 0)++
1`(184, 0.5, 40.2, 93.85, 142.0, 0, 0, [], [], 0, 0, 0, [], 1, 0)++
1`(185, 0.5, 96.39, 96.21, 142.0, 0, 0, [], [], 0, 0, 0, [], 1, 0)++
1`(186, 0.5, 54.03, 82.67, 142.0, 0, 0, [], [], 0, 0, 0, [], 1, 0)++
1`(187, 0.5, 57.9, 3.65, 142.0, 0, 0, [], [], 0, 0, 0, [], 1, 0)++
1`(188, 0.5, 57.86, 91.34, 142.0, 0, 0, [], [], 0, 0, 0, [], 1, 0)++
1`(189, 0.5, 25.91, 7.45, 142.0, 0, 0, [], [], 0, 0, 0, [], 1, 0)++
1`(190, 0.5, 26.29, 95.6, 142.0, 0, 0, [], [], 0, 0, 0, [], 1, 0)++
1`(191, 0.5, 93.72, 6.25, 142.0, 0, 0, [], [], 0, 0, 0, [], 1, 0)++
1`(192, 0.5, 8.43, 45.53, 142.0, 0, 0, [], [], 0, 0, 0, [], 1, 0)++
1`(193, 0.5, 72.75, 7.78, 142.0, 0, 0, [], [], 0, 0, 0, [], 1, 0)++
1`(194, 0.5, 80.29, 84.57, 142.0, 0, 0, [], [], 0, 0, 0, [], 1, 0)++
1`(195, 0.5, 56.62, 72.82, 142.0, 0, 0, [], [], 0, 0, 0, [], 1, 0)++
1`(196, 0.5, 18.32, 76.61, 142.0, 0, 0, [], [], 0, 0, 0, [], 1, 0)++
1`(197, 0.5, 26.49, 51.71, 142.0, 0, 0, [], [], 0, 0, 0, [], 1, 0)++
1`(198, 0.5, 26.67, 84.76, 142.0, 0, 0, [], [], 0, 0, 0, [], 1, 0)++
1`(199, 0.5, 89.11, 88.45, 142.0, 0, 0, [], [], 0, 0, 0, [], 1, 0)++
1`(200, 0.5, 78.07, 5.96, 142.0, 0, 0, [], [], 0, 0, 0, [], 1, 0)
