1`(1, 0.5, 48.84, 18.01, 142.0, 0, 0, [], [], 0, 0, 0, [], 1, 0)++
1`(2, 0.5, 44.54, 5.69, 142.0, 0, 0, [], [], 0, 0, 0, [], 1, 0)++
1`(3, 0.5, 46.48, 96.87, 142.0, 0, 0, [], [], 0, 0, 0, [], 1, 0)++
1`(4, 0.5, 75.36, 73.08, 142.0, 0, 0, [], [], 0, 0, 0, [], 1, 0)++
1`(5, 0.5, 17.33, 17.62, 142.0, 0, 0, [], [], 0, 0, 0, [], 1, 0)++
1`(6, 0.5, 46.39, 58.36, 142.0, 0, 0, [], [], 0, 0, 0, [], 1, 0)++
1`(7, 0.5, 46.71, 7.44, 142.0, 0, 0, [], [], 0, 0, 0, [], 1, 0)++
1`(8, 0.5, 11.55, 2.25, 142.0, 0, 0, [], [], 0, 0, 0, [], 1, 0)++
1`(9, 0.5, 54.71, 19.3, 142.0, 0, 0, [], [], 0, 0, 0, [], 1, 0)++
1`(10, 0.5, 68.37, 95.97, 142.0, 0, 0, [], [], 0, 0, 0, [], 1, 0)++
1`(11, 0.5, 76.06, 21.31, 142.0, 0, 0, [], [], 0, 0, 0, [], 1, 0)++
1`(12, 0.5, 73.68, 59.67, 142.0, 0, 0, [], [], 0, 0, 0, [], 1, 0)++
1`(13, 0.5, 39.74, 60.81, 142.0, 0, 0, [], [], 0, 0, 0, [], 1, 0)++
1`(14, 0.5, 36.09, 96.9, 142.0, 0, 0, [], [], 0, 0, 0, [], 1, 0)++
1`(15, 0.5, 79.49, 5.42, 142.0, 0, 0, [], [], 0, 0, 0, [], 1, 0)++
1`(16, 0.5, 23.04, 4.68, 142.0, 0, 0, [], [], 0, 0, 0, [], 1, 0)++
1`(17, 0.5, 53.06, 44.77, 142.0, 0, 0, [], [], 0, 0, 0, [], 1, 0)++
1`(18, 0.5, 25.26, 97.43, 142.0, 0, 0, [], [], 0, 0, 0, [], 1, 0)++
1`(19, 0.5, 79.23, 69.53, 142.0, 0, 0, [], [], 0, 0, 0, [], 1, 0)++
1`(20, 0.5, 52.55, 46.35, 142.0, 0, 0, [], [], 0, 0, 0, [], 1, 0)++
1`(21, 0.5, 1.05, 38.42, 142.0, 0, 0, [], [], 0, 0, 0, [], 1, 0)++
1`(22, 0.5, 93.14, 39.65, 142.0, 0, 0, [], [], 0, 0, 0, [], 1, 0)++
1`(23, 0.5, 87.09, 27.66, 142.0, 0, 0, [], [], 0, 0, 0, [], 1, 0)++
1`(24, 0.5, 13.5, 68.72, 142.0, 0, 0, [], [], 0, 0, 0, [], 1, 0)++
1`(25, 0.5, 15.3, 85.07, 142.0, 0, 0, [], [], 0, 0, 0, [], 1, 0)++
1`(26, 0.5, 36.88, 46.57, 142.0, 0, 0, [], [], 0, 0, 0, [], 1, 0)++
1`(27, 0.5, 88.51, 25.3, 142.0, 0, 0, [], [], 0, 0, 0, [], 1, 0)++
1`(28, 0.5, 41.17, 63.6, 142.0, 0, 0, [], [], 0, 0, 0, [], 1, 0)++
1`(29, 0.5, 6.06, 84.41, 142.0, 0, 0, [], [], 0, 0, 0, [], 1, 0)++
1`(30, 0.5, 8.39, 72.91, 142.0, 0, 0, [], [], 0, 0, 0, [], 1, 0)++
1`(31, 0.5, 76.58, 68.01, 142.0, 0, 0, [], [], 0, 0, 0, [], 1, 0)++
1`(32, 0.5, 1.51, 92.0, 142.0, 0, 0, [], [], 0, 0, 0, [], 1, 0)++
1`(33, 0.5, 46.01, 68.16, 142.0, 0, 0, [], [], 0, 0, 0, [], 1, 0)++
1`(34, 0.5, 59.14, 39.52, 142.0, 0, 0, [], [], 0, 0, 0, [], 1, 0)++
1`(35, 0.5, 33.81, 80.51, 142.0, 0, 0, [], [], 0, 0, 0, [], 1, 0)++
1`(36, 0.5, 13.5, 75.85, 142.0, 0, 0, [], [], 0, 0, 0, [], 1, 0)++
1`(37, 0.5, 75.49, 43.04, 142.0, 0, 0, [], [], 0, 0, 0, [], 1, 0)++
1`(38, 0.5, 94.29, 52.33, 142.0, 0, 0, [], [], 0, 0, 0, [], 1, 0)++
1`(39, 0.5, 46.63, 88.09, 142.0, 0, 0, [], [], 0, 0, 0, [], 1, 0)++
1`(40, 0.5, 4.33, 49.89, 142.0, 0, 0, [], [], 0, 0, 0, [], 1, 0)++
1`(41, 0.5, 53.15, 11.31, 142.0, 0, 0, [], [], 0, 0, 0, [], 1, 0)++
1`(42, 0.5, 92.08, 36.82, 142.0, 0, 0, [], [], 0, 0, 0, [], 1, 0)++
1`(43, 0.5, 93.39, 89.69, 142.0, 0, 0, [], [], 0, 0, 0, [], 1, 0)++
1`(44, 0.5, 3.38, 5.44, 142.0, 0, 0, [], [], 0, 0, 0, [], 1, 0)++
1`(45, 0.5, 25.08, 35.53, 142.0, 0, 0, [], [], 0, 0, 0, [], 1, 0)++
1`(46, 0.5, 51.21, 77.49, 142.0, 0, 0, [], [], 0, 0, 0, [], 1, 0)++
1`(47, 0.5, 99.27, 71.58, 142.0, 0, 0, [], [], 0, 0, 0, [], 1, 0)++
1`(48, 0.5, 9.16, 24.95, 142.0, 0, 0, [], [], 0, 0, 0, [], 1, 0)++
1`(49, 0.5, 15.35, 32.01, 142.0, 0, 0, [], [], 0, 0, 0, [], 1, 0)++
1`(50, 0.5, 72.92, 83.4, 142.0, 0, 0, [], [], 0, 0, 0, [], 1, 0)++
1`(51, 0.5, 56.18, 96.42, 142.0, 0, 0, [], [], 0, 0, 0, [], 1, 0)++
1`(52, 0.5, 82.67, 61.39, 142.0, 0, 0, [], [], 0, 0, 0, [], 1, 0)++
1`(53, 0.5, 12.77, 17.67, 142.0, 0, 0, [], [], 0, 0, 0, [], 1, 0)++
1`(54, 0.5, 88.45, 62.37, 142.0, 0, 0, [], [], 0, 0, 0, [], 1, 0)++
1`(55, 0.5, 63.69, 9.87, 142.0, 0, 0, [], [], 0, 0, 0, [], 1, 0)++
1`(56, 0.5, 78.29, 24.04, 142.0, 0, 0, [], [], 0, 0, 0, [], 1, 0)++
1`(57, 0.5, 81.44, 15.19, 142.0, 0, 0, [], [], 0, 0, 0, [], 1, 0)++
1`(58, 0.5, 34.86, 91.88, 142.0, 0, 0, [], [], 0, 0, 0, [], 1, 0)++
1`(59, 0.5, 48.45, 86.71, 142.0, 0, 0, [], [], 0, 0, 0, [], 1, 0)++
1`(60, 0.5, 21.32, 83.25, 142.0, 0, 0, [], [], 0, 0, 0, [], 1, 0)++
1`(61, 0.5, 96.05, 79.24, 142.0, 0, 0, [], [], 0, 0, 0, [], 1, 0)++
1`(62, 0.5, 15.59, 37.7, 142.0, 0, 0, [], [], 0, 0, 0, [], 1, 0)++
1`(63, 0.5, 43.72, 11.41, 142.0, 0, 0, [], [], 0, 0, 0, [], 1, 0)++
1`(64, 0.5, 95.59, 32.58, 142.0, 0, 0, [], [], 0, 0, 0, [], 1, 0)++
1`(65, 0.5, 4.9, 10.44, 142.0, 0, 0, [], [], 0, 0, 0, [], 1, 0)++
1`(66, 0.5, 20.76, 71.55, 142.0, 0, 0, [], [], 0, 0, 0, [], 1, 0)++
1`(67, 0.5, 10.16, 54.45, 142.0, 0, 0, [], [], 0, 0, 0, [], 1, 0)++
1`(68, 0.5, 44.09, 53.47, 142.0, 0, 0, [], [], 0, 0, 0, [], 1, 0)++
1`(69, 0.5, 79.75, 48.3, 142.0, 0, 0, [], [], 0, 0, 0, [], 1, 0)++
1`(70, 0.5, 33.21, 52.58, 142.0, 0, 0, [], [], 0, 0, 0, [], 1, 0)++
1`(71, 0.5, 1.17, 33.24, 142.0, 0, 0, [], [], 0, 0, 0, [], 1, 0)++
1`(72, 0.5, 97.89, 31.41, 142.0, 0, 0, [], [], 0, 0, 0, [], 1, 0)++
1`(73, 0.5, 10.31, 6.62, 142.0, 0, 0, [], [], 0, 0, 0, [], 1, 0)++
1`(74, 0.5, 88.73, 0.54, 142.0, 0, 0, [], [], 0, 0, 0, [], 1, 0)++
1`(75, 0.5, 36.65, 92.76, 142.0, 0, 0, [], [], 0, 0, 0, [], 1, 0)++
1`(76, 0.5, 91.2, 59.46, 142.0, 0, 0, [], [], 0, 0, 0, [], 1, 0)++
1`(77, 0.5, 85.81, 12.19, 142.0, 0, 0, [], [], 0, 0, 0, [], 1, 0)++
1`(78, 0.5, 8.14, 74.0, 142.0, 0, 0, [], [], 0, 0, 0, [], 1, 0)++
1`(79, 0.5, 82.51, 0.88, 142.0, 0, 0, [], [], 0, 0, 0, [], 1, 0)++
1`(80, 0.5, 10.53, 11.74, 142.0, 0, 0, [], [], 0, 0, 0, [], 1, 0)++
1`(81, 0.5, 38.0, 34.71, 142.0, 0, 0, [], [], 0, 0, 0, [], 1, 0)++
1`(82, 0.5, 26.77, 71.31, 142.0, 0, 0, [], [], 0, 0, 0, [], 1, 0)++
1`(83, 0.5, 85.79, 73.55, 142.0, 0, 0, [], [], 0, 0, 0, [], 1, 0)++
1`(84, 0.5, 14.17, 32.13, 142.0, 0, 0, [], [], 0, 0, 0, [], 1, 0)++
1`(85, 0.5, 5.65, 75.6, 142.0, 0, 0, [], [], 0, 0, 0, [], 1, 0)++
1`(86, 0.5, 13.77, 83.16, 142.0, 0, 0, [], [], 0, 0, 0, [], 1, 0)++
1`(87, 0.5, 73.9, 28.97, 142.0, 0, 0, [], [], 0, 0, 0, [], 1, 0)++
1`(88, 0.5, 72.05, 71.26, 142.0, 0, 0, [], [], 0, 0, 0, [], 1, 0)++
1`(89, 0.5, 78.0, 69.12, 142.0, 0, 0, [], [], 0, 0, 0, [], 1, 0)++
1`(90, 0.5, 72.11, 15.26, 142.0, 0, 0, [], [], 0, 0, 0, [], 1, 0)++
1`(91, 0.5, 46.43, 43.51, 142.0, 0, 0, [], [], 0, 0, 0, [], 1, 0)++
1`(92, 0.5, 12.84, 6.18, 142.0, 0, 0, [], [], 0, 0, 0, [], 1, 0)++
1`(93, 0.5, 71.63, 40.78, 142.0, 0, 0, [], [], 0, 0, 0, [], 1, 0)++
1`(94, 0.5, 84.03, 30.74, 142.0, 0, 0, [], [], 0, 0, 0, [], 1, 0)++
1`(95, 0.5, 8.13, 70.13, 142.0, 0, 0, [], [], 0, 0, 0, [], 1, 0)++
1`(96, 0.5, 0.33, 78.06, 142.0, 0, 0, [], [], 0, 0, 0, [], 1, 0)++
1`(97, 0.5, 27.99, 72.01, 142.0, 0, 0, [], [], 0, 0, 0, [], 1, 0)++
1`(98, 0.5, 2.04, 63.38, 142.0, 0, 0, [], [], 0, 0, 0, [], 1, 0)++
1`(99, 0.5, 95.4, 87.63, 142.0, 0, 0, [], [], 0, 0, 0, [], 1, 0)++
1`(100, 0.5, 71.88, 0.87, 142.0, 0, 0, [], [], 0, 0, 0, [], 1, 0)++
1`(101, 0.5, 33.62, 71.85, 142.0, 0, 0, [], [], 0, 0, 0, [], 1, 0)++
1`(102, 0.5, 60.55, 43.88, 142.0, 0, 0, [], [], 0, 0, 0, [], 1, 0)++
1`(103, 0.5, 78.82, 18.81, 142.0, 0, 0, [], [], 0, 0, 0, [], 1, 0)++
1`(104, 0.5, 19.64, 0.06, 142.0, 0, 0, [], [], 0, 0, 0, [], 1, 0)++
1`(105, 0.5, 10.41, 93.77, 142.0, 0, 0, [], [], 0, 0, 0, [], 1, 0)++
1`(106, 0.5, 75.05, 73.29, 142.0, 0, 0, [], [], 0, 0, 0, [], 1, 0)++
1`(107, 0.5, 70.9, 87.9, 142.0, 0, 0, [], [], 0, 0, 0, [], 1, 0)++
1`(108, 0.5, 87.27, 76.83, 142.0, 0, 0, [], [], 0, 0, 0, [], 1, 0)++
1`(109, 0.5, 83.26, 79.57, 142.0, 0, 0, [], [], 0, 0, 0, [], 1, 0)++
1`(110, 0.5, 19.56, 84.23, 142.0, 0, 0, [], [], 0, 0, 0, [], 1, 0)++
1`(111, 0.5, 68.12, 47.86, 142.0, 0, 0, [], [], 0, 0, 0, [], 1, 0)++
1`(112, 0.5, 60.78, 99.85, 142.0, 0, 0, [], [], 0, 0, 0, [], 1, 0)++
1`(113, 0.5, 96.78, 5.45, 142.0, 0, 0, [], [], 0, 0, 0, [], 1, 0)++
1`(114, 0.5, 47.6, 85.8, 142.0, 0, 0, [], [], 0, 0, 0, [], 1, 0)++
1`(115, 0.5, 12.91, 29.78, 142.0, 0, 0, [], [], 0, 0, 0, [], 1, 0)++
1`(116, 0.5, 28.42, 43.65, 142.0, 0, 0, [], [], 0, 0, 0, [], 1, 0)++
1`(117, 0.5, 4.14, 65.37, 142.0, 0, 0, [], [], 0, 0, 0, [], 1, 0)++
1`(118, 0.5, 31.3, 5.39, 142.0, 0, 0, [], [], 0, 0, 0, [], 1, 0)++
1`(119, 0.5, 18.29, 83.09, 142.0, 0, 0, [], [], 0, 0, 0, [], 1, 0)++
1`(120, 0.5, 73.34, 70.25, 142.0, 0, 0, [], [], 0, 0, 0, [], 1, 0)++
1`(121, 0.5, 31.52, 81.85, 142.0, 0, 0, [], [], 0, 0, 0, [], 1, 0)++
1`(122, 0.5, 52.68, 21.13, 142.0, 0, 0, [], [], 0, 0, 0, [], 1, 0)++
1`(123, 0.5, 82.19, 68.38, 142.0, 0, 0, [], [], 0, 0, 0, [], 1, 0)++
1`(124, 0.5, 30.4, 74.01, 142.0, 0, 0, [], [], 0, 0, 0, [], 1, 0)++
1`(125, 0.5, 94.59, 42.22, 142.0, 0, 0, [], [], 0, 0, 0, [], 1, 0)++
1`(126, 0.5, 12.13, 25.26, 142.0, 0, 0, [], [], 0, 0, 0, [], 1, 0)++
1`(127, 0.5, 60.53, 69.66, 142.0, 0, 0, [], [], 0, 0, 0, [], 1, 0)++
1`(128, 0.5, 13.66, 80.56, 142.0, 0, 0, [], [], 0, 0, 0, [], 1, 0)++
1`(129, 0.5, 61.46, 41.17, 142.0, 0, 0, [], [], 0, 0, 0, [], 1, 0)++
1`(130, 0.5, 63.52, 51.42, 142.0, 0, 0, [], [], 0, 0, 0, [], 1, 0)++
1`(131, 0.5, 81.54, 37.05, 142.0, 0, 0, [], [], 0, 0, 0, [], 1, 0)++
1`(132, 0.5, 71.98, 26.77, 142.0, 0, 0, [], [], 0, 0, 0, [], 1, 0)++
1`(133, 0.5, 56.43, 5.27, 142.0, 0, 0, [], [], 0, 0, 0, [], 1, 0)++
1`(134, 0.5, 94.03, 30.49, 142.0, 0, 0, [], [], 0, 0, 0, [], 1, 0)++
1`(135, 0.5, 42.85, 49.02, 142.0, 0, 0, [], [], 0, 0, 0, [], 1, 0)++
1`(136, 0.5, 28.73, 60.53, 142.0, 0, 0, [], [], 0, 0, 0, [], 1, 0)++
1`(137, 0.5, 59.99, 33.83, 142.0, 0, 0, [], [], 0, 0, 0, [], 1, 0)++
1`(138, 0.5, 94.25, 42.65, 142.0, 0, 0, [], [], 0, 0, 0, [], 1, 0)++
1`(139, 0.5, 78.94, 23.68, 142.0, 0, 0, [], [], 0, 0, 0, [], 1, 0)++
1`(140, 0.5, 7.42, 26.23, 142.0, 0, 0, [], [], 0, 0, 0, [], 1, 0)++
1`(141, 0.5, 20.69, 88.62, 142.0, 0, 0, [], [], 0, 0, 0, [], 1, 0)++
1`(142, 0.5, 50.91, 15.82, 142.0, 0, 0, [], [], 0, 0, 0, [], 1, 0)++
1`(143, 0.5, 21.19, 57.41, 142.0, 0, 0, [], [], 0, 0, 0, [], 1, 0)++
1`(144, 0.5, 73.37, 12.71, 142.0, 0, 0, [], [], 0, 0, 0, [], 1, 0)++
1`(145, 0.5, 55.41, 43.39, 142.0, 0, 0, [], [], 0, 0, 0, [], 1, 0)++
1`(146, 0.5, 53.59, 53.58, 142.0, 0, 0, [], [], 0, 0, 0, [], 1, 0)++
1`(147, 0.5, 79.22, 7.52, 142.0, 0, 0, [], [], 0, 0, 0, [], 1, 0)++
1`(148, 0.5, 41.54, 25.03, 142.0, 0, 0, [], [], 0, 0, 0, [], 1, 0)++
1`(149, 0.5, 43.96, 46.73, 142.0, 0, 0, [], [], 0, 0, 0, [], 1, 0)++
1`(150, 0.5, 81.3, 45.84, 142.0, 0, 0, [], [], 0, 0, 0, [], 1, 0)++
1`(151, 0.5, 51.68, 68.87, 142.0, 0, 0, [], [], 0, 0, 0, [], 1, 0)++
1`(152, 0.5, 27.82, 9.87, 142.0, 0, 0, [], [], 0, 0, 0, [], 1, 0)++
1`(153, 0.5, 94.01, 82.16, 142.0, 0, 0, [], [], 0, 0, 0, [], 1, 0)++
1`(154, 0.5, 0.72, 60.92, 142.0, 0, 0, [], [], 0, 0, 0, [], 1, 0)++
1`(155, 0.5, 21.9, 22.11, 142.0, 0, 0, [], [], 0, 0, 0, [], 1, 0)++
1`(156, 0.5, 76.53, 77.57, 142.0, 0, 0, [], [], 0, 0, 0, [], 1, 0)++
1`(157, 0.5, 72.04, 27.86, 142.0, 0, 0, [], [], 0, 0, 0, [], 1, 0)++
1`(158, 0.5, 90.46, 19.6, 142.0, 0, 0, [], [], 0, 0, 0, [], 1, 0)++
1`(159, 0.5, 49.55, 89.79, 142.0, 0, 0, [], [], 0, 0, 0, [], 1, 0)++
1`(160, 0.5, 34.15, 42.04, 142.0, 0, 0, [], [], 0, 0, 0, [], 1, 0)++
1`(161, 0.5, 37.1, 51.55, 142.0, 0, 0, [], [], 0, 0, 0, [], 1, 0)++
1`(162, 0.5, 66.62, 46.97, 142.0, 0, 0, [], [], 0, 0, 0, [], 1, 0)++
1`(163, 0.5, 29.9, 21.5, 142.0, 0, 0, [], [], 0, 0, 0, [], 1, 0)++
1`(164, 0.5, 64.8, 16.55, 142.0, 0, 0, [], [], 0, 0, 0, [], 1, 0)++
1`(165, 0.5, 7.91, 58.08, 142.0, 0, 0, [], [], 0, 0, 0, [], 1, 0)++
1`(166, 0.5, 56.04, 39.68, 142.0, 0, 0, [], [], 0, 0, 0, [], 1, 0)++
1`(167, 0.5, 84.98, 10.49, 142.0, 0, 0, [], [], 0, 0, 0, [], 1, 0)++
1`(168, 0.5, 32.96, 75.42, 142.0, 0, 0, [], [], 0, 0, 0, [], 1, 0)++
1`(169, 0.5, 73.47, 85.38, 142.0, 0, 0, [], [], 0, 0, 0, [], 1, 0)++
1`(170, 0.5, 64.44, 6.96, 142.0, 0, 0, [], [], 0, 0, 0, [], 1, 0)++
1`(171, 0.5, 9.46, 75.22, 142.0, 0, 0, [], [], 0, 0, 0, [], 1, 0)++
1`(172, 0.5, 62.67, 20.7, 142.0, 0, 0, [], [], 0, 0, 0, [], 1, 0)++
1`(173, 0.5, 7.82, 82.02, 142.0, 0, 0, [], [], 0, 0, 0, [], 1, 0)++
1`(174, 0.5, 20.18, 64.48, 142.0, 0, 0, [], [], 0, 0, 0, [], 1, 0)++
1`(175, 0.5, 80.34, 24.73, 142.0, 0, 0, [], [], 0, 0, 0, [], 1, 0)++
1`(176, 0.5, 71.14, 95.68, 142.0, 0, 0, [], [], 0, 0, 0, [], 1, 0)++
1`(177, 0.5, 8.51, 62.75, 142.0, 0, 0, [], [], 0, 0, 0, [], 1, 0)++
1`(178, 0.5, 94.78, 10.41, 142.0, 0, 0, [], [], 0, 0, 0, [], 1, 0)++
1`(179, 0.5, 17.89, 41.02, 142.0, 0, 0, [], [], 0, 0, 0, [], 1, 0)++
1`(180, 0.5, 22.2, 84.05, 142.0, 0, 0, [], [], 0, 0, 0, [], 1, 0)++
1`(181, 0.5, 30.78, 92.7, 142.0, 0, 0, [], [], 0, 0, 0, [], 1, 0)++
1`(182, 0.5, 70.91, 18.6, 142.0, 0, 0, [], [], 0, 0, 0, [], 1, 0)++
1`(183, 0.5, 21.73, 16.98, 142.0, 0, 0, [], [], 0, 0, 0, [], 1, 0)++
1`(184, 0.5, 48.73, 95.72, 142.0, 0, 0, [], [], 0, 0, 0, [], 1, 0)++
1`(185, 0.5, 39.11, 99.85, 142.0, 0, 0, [], [], 0, 0, 0, [], 1, 0)++
1`(186, 0.5, 60.23, 86.98, 142.0, 0, 0, [], [], 0, 0, 0, [], 1, 0)++
1`(187, 0.5, 48.5, 63.28, 142.0, 0, 0, [], [], 0, 0, 0, [], 1, 0)++
1`(188, 0.5, 16.4, 35.39, 142.0, 0, 0, [], [], 0, 0, 0, [], 1, 0)++
1`(189, 0.5, 77.68, 32.82, 142.0, 0, 0, [], [], 0, 0, 0, [], 1, 0)++
1`(190, 0.5, 47.59, 72.01, 142.0, 0, 0, [], [], 0, 0, 0, [], 1, 0)++
1`(191, 0.5, 2.25, 59.61, 142.0, 0, 0, [], [], 0, 0, 0, [], 1, 0)++
1`(192, 0.5, 84.78, 73.7, 142.0, 0, 0, [], [], 0, 0, 0, [], 1, 0)++
1`(193, 0.5, 2.0, 50.98, 142.0, 0, 0, [], [], 0, 0, 0, [], 1, 0)++
1`(194, 0.5, 98.67, 27.1, 142.0, 0, 0, [], [], 0, 0, 0, [], 1, 0)++
1`(195, 0.5, 19.63, 84.86, 142.0, 0, 0, [], [], 0, 0, 0, [], 1, 0)++
1`(196, 0.5, 79.52, 72.51, 142.0, 0, 0, [], [], 0, 0, 0, [], 1, 0)++
1`(197, 0.5, 92.63, 78.77, 142.0, 0, 0, [], [], 0, 0, 0, [], 1, 0)++
1`(198, 0.5, 30.76, 95.43, 142.0, 0, 0, [], [], 0, 0, 0, [], 1, 0)++
1`(199, 0.5, 12.98, 4.64, 142.0, 0, 0, [], [], 0, 0, 0, [], 1, 0)++
1`(200, 0.5, 21.31, 37.44, 142.0, 0, 0, [], [], 0, 0, 0, [], 1, 0)
